epoch;loss;mean_absolute_error;mean_squared_error;val_loss;val_mean_absolute_error;val_mean_squared_error
0;0.03230280921824517;0.10706977834624629;0.0323028096087998;0.0207639110246391;0.1043834625320001;0.0207639110246391
0;0.01699907481369953;0.07209049225334198;0.016999074873784856;0.01189932283578497;0.05963746954997381;0.01189932283578497
0;0.014687663424880273;0.06517948516674581;0.014687663605136255;0.011291668327017263;0.05644188663273147;0.011291667423916586
0;0.0122999201618856;0.05741466503710516;0.012299920116821605;0.012894712162740303;0.06826256915475383;0.012894711259639624
0;0.01189009468221376;0.05637816688226115;0.011890094652171097;0.010805435478687286;0.05718900218154445;0.010805434575586609
0;0.010187025001693157;0.05069617452400346;0.010187025046757153;0.008623088286681608;0.04933778422348427;0.00862308738358093
0;0.009643648075120102;0.04906181822861395;0.009643648075120102;0.007714939755246494;0.04421683626644539;0.007714940206796834
0;0.00825091659451925;0.044846438592480074;0.00825091659451925;0.00838843391587337;0.04602207333752603;0.008388434818974047
0;0.00827261814547162;0.04475874988542449;0.008272618205556947;0.008560095236382702;0.04907418019843824;0.008560095236382702
0;0.00728186542138217;0.041894857321054704;0.0072818654739568315;0.007114643343921864;0.04079244443864533;0.007114643343921864
0;0.006649523425186353;0.03977174546209074;0.006649523380122358;0.00781094263110197;0.044438164116758286;0.00781094263110197
0;0.006937481395359482;0.04045432565673705;0.0069374814704661406;0.007899070017491325;0.046842879418170814;0.007899070469041666
0;0.005728913125612082;0.036828690599049294;0.00572891307303742;0.006227624235731183;0.03812477613488833;0.006227624235731183
0;0.005277750615571295;0.035113752368957765;0.005277750660635291;0.0063682208119919806;0.038669688909342796;0.0063682208119919806
0;0.005427000233002247;0.03571600031348005;0.005427000210470249;0.006439057715011366;0.037108230545665276;0.006439057715011366
0;0.004705682201611419;0.033223344914374814;0.004705682171568755;0.005975057116963647;0.03737721197081335;0.005975056665413307
0;0.004519552709684978;0.03250957878246423;0.004519552724706309;0.006320979051066168;0.03808285747513627;0.006320979051066168
0;0.004130988516995023;0.031119649598915732;0.00413098851323969;0.005628337519186915;0.0350289386556004;0.005628337519186915
0;0.003716220132886402;0.029508937660965226;0.003716220125375736;0.005342905861184452;0.03497126213077343;0.005342905409634113
0;0.0036421729356891685;0.029204991525940357;0.0036421729469551674;0.006785751743750138;0.04045166199405988;0.006785752195300478
0;0.0035402994084682677;0.028895852065855456;0.0035402994385109313;0.006311110785287438;0.04007094127662254;0.006311110333737099
0;0.003208911185333085;0.027512006852174958;0.003208911147779755;0.005469498337444031;0.0346163668189988;0.005469497885893692
0;0.0037069545848475347;0.02953034552234796;0.003706954577336869;0.005242689625557625;0.03511408705151442;0.005242689625557625
0;0.0027401491871944838;0.025482807188264785;0.0027401492172371474;0.005061583311268778;0.03364454503312255;0.005061583311268778
0;0.0025228566167155102;0.024417710881079396;0.002522856646758174;0.005062447465730436;0.032044236745798226;0.005062447465730436
0;0.0023802814933831895;0.023744846604043437;0.002380281534691852;0.00504918692802841;0.03325188746958068;0.005049186476478071
0;0.0025669312266062105;0.024657186811729785;0.0025669312228508772;0.005811192998380372;0.0331611627656402;0.005811192998380372
0;0.0026544398391589283;0.025100612742525917;0.002654439810993931;0.005037096470142856;0.03310626372694969;0.005037096470142856
0;0.002110160338962751;0.022343384252200203;0.002110160342718084;0.0052991051678404665;0.03558317650899743;0.0052991051678404665
0;0.001938203143166198;0.021523486041734294;0.0019382031281448661;0.0050328427530599365;0.033699085427956146;0.0050328427530599365
0;0.0018805349189337463;0.021230263845814813;0.0018805348964017485;0.004749361171641133;0.031118744814937763;0.004749361171641133
0;0.001700168713972333;0.020173465863110557;0.0017001687196053325;0.005138298722379135;0.03286447308280251;0.005138299173929475
0;0.001660269961106561;0.01999872364103794;0.0016602699667395604;0.004887267326315244;0.031569612297144806;0.004887267326315244
0;0.001707782461908796;0.020240812352107417;0.0017077824525204637;0.00519585663057638;0.033523939211260186;0.00519585617902604
0;0.0014994438444714874;0.019024031206725106;0.0014994438538598197;0.004818942962270795;0.03215195204723965;0.004818942962270795
0;0.0019147336208862403;0.02150020958675492;0.0019147336133755744;0.004513416806179465;0.03157603108521664;0.004513416806179465
0;0.0014089381100700026;0.01853100000129592;0.0014089381138253356;0.004579674508987051;0.030792372357664688;0.004579674960537391
0;0.0013883993716820354;0.01832375173727351;0.0013883993885810337;0.0048663906865950785;0.03268696695114627;0.0048663906865950785
0;0.001627685558501511;0.019820837784678705;0.001627685547235512;0.004661119035021825;0.03126416366660234;0.004661119035021825
0;0.0012036556436214596;0.01713749679226068;0.001203655637049627;0.004574736156924205;0.031077285268993088;0.004574736156924205
0;0.0011208940395003846;0.016510609537363052;0.001120894025417886;0.004693746284553499;0.031235729993292778;0.004693746284553499
0;0.0010859736517417214;0.016294362924752698;0.0010859736508028882;0.004426335549038468;0.030039432486801437;0.004426335549038468
0;0.0010543237712549707;0.016039609248119015;0.001054323764683138;0.004789426330138336;0.03155864854202126;0.004789426330138336
0;0.0009944223800689102;0.015599486117641772;0.0009944223763135773;0.004764726949912129;0.03160235026117527;0.004764727401462468
0;0.001018184770439421;0.01579246184818687;0.0010181847619899218;0.004424188370731744;0.030082719005418545;0.004424188370731744
0;0.0009694738903142993;0.015388524460215722;0.0009694739053356311;0.004485956054519524;0.030082706023346294;0.004485955602969184
0;0.0009657329355832189;0.015359059336685365;0.0009657329327667192;0.004580831437399893;0.03118840018005082;0.0045808318889502325
0;0.0008463365872645931;0.014387457616507046;0.0008463365816315936;0.004601029227628853;0.03028531609611078;0.004601028776078513
0;0.000887989043070364;0.014772507106705059;0.0008879890308655318;0.004382079128514637;0.029626623812046917;0.004382079128514637
0;0.0008612076992229108;0.014543739988678885;0.0008612076907734116;0.004728707456679055;0.029957301237366417;0.004728707456679055
0;0.0007707150484014663;0.013801883260208753;0.0007707150493402996;0.004428769518254381;0.030163997163375218;0.004428769969804721
0;0.0007576768252728207;0.0136912954190085;0.0007576768121291553;0.0045802301981232385;0.03142701495777477;0.0045802301981232385
0;0.000936613051078072;0.015170193637811368;0.0009366130529557385;0.004433916938124281;0.030951944716048962;0.004433916938124281
0;0.0007697718805678549;0.013749957024570434;0.0007697718843231879;0.004873268080480171;0.031434957389578674;0.004873268080480171
0;0.000851503842803199;0.014384119861548948;0.0008515038409255325;0.004593890329653566;0.030897708214593655;0.004593890781203906
0;0.0007645921141374856;0.01371470436213478;0.0007645921122598191;0.004502726718783379;0.02970175761165041;0.004502726718783379
0;0.0007004249341515524;0.013161962205964712;0.0007004249271103031;0.004530007838074005;0.0300161074282545;0.004530008289624344
0;0.0006017336122421247;0.012299231614076322;0.0006017336080173752;0.004438909448005937;0.031101934950460087;0.004438909448005937
0;0.0006181151148930733;0.012452383090050952;0.0006181151148930733;0.004791206623794455;0.030898397957736797;0.004791206623794455
0;0.0007271348637708973;0.013459742234479035;0.0007271348647097306;0.004518440783475385;0.030538150645566708;0.004518440331925045
0;0.0005599449124870702;0.011904461324335106;0.0005599449068540707;0.004630947965338375;0.03137481449679895;0.004630947513788035
0;0.0005012657404163733;0.01130489282490265;0.0005012657375998735;0.004225227784252528;0.02945786104960875;0.0042252273327021885
0;0.0004980835426155658;0.011265598583005128;0.0004980835322884002;0.004428662952374329;0.03028783732742974;0.004428663403924667
0;0.0005273778609285552;0.011557807605112753;0.0005273778632756382;0.004418809361981623;0.030267444072347698;0.004418809813531962
0;0.00044791208300363995;0.010726045817136765;0.00044791208488130643;0.004321670018588052;0.02939727281530698;0.004321670018588052
0;0.0005989309485753878;0.012212664955445835;0.000598930943411805;0.004571228401001656;0.03006817897160848;0.004571228401001656
0;0.0006142336581345467;0.012397029271890079;0.0006142336501544642;0.004827469333328984;0.03183767583334085;0.004827469333328984
0;0.0005882922728966561;0.012147573949468712;0.0005882922714884062;0.004949771742703337;0.03204820666349295;0.0049497721942536755
0;0.00065628269259187;0.01276224905685071;0.0006562826935307032;0.004495204849676652;0.02971925213932991;0.0044952057527773304
0;0.0005726000254658322;0.011945262205817046;0.0005726000329764981;0.004377957348796454;0.029846555355823402;0.004377957348796454
0;0.0005642261197452524;0.011940927680341466;0.000564226116459336;0.0045511312782764435;0.030808059667999096;0.0045511312782764435
0;0.0004579306410197469;0.010804941382018788;0.0004579306475915796;0.004380528956200137;0.02976401737242034;0.004380528956200137
0;0.0003925296848812591;0.010102128399716269;0.00039252968535067576;0.004413240560979554;0.02964844046668573;0.004413240560979554
0;0.0004657412073650067;0.01090175302458867;0.00046574121393683937;0.004609184565417694;0.0312304212288423;0.004609185016968034
0;0.00037841144395286155;0.009929356285400929;0.0003784114448916948;0.0045813033921700535;0.029971227727153084;0.004581303843720393
0;0.00036889411632963005;0.009808757988315436;0.000368894110227214;0.004494732979572181;0.03013443077603976;0.004494732979572181
0;0.00033787879651607646;0.009395104457413959;0.0003378787941689933;0.004402703379817081;0.030013270676136017;0.004402703379817081
0;0.00033586967319640664;0.009385588939391797;0.00033586967272699;0.004384212534536015;0.029615481581651802;0.004384212534536015
0;0.0003433769536880596;0.009490201144569343;0.0003433769489938934;0.00466912572808338;0.03212590380148454;0.00466912527653304
0;0.007278545464355228;0.025825232402571747;0.0072785450752088495;0.02632144996614167;0.06849964888709964;0.026321448159940315
0;0.033150200852222984;0.07914876769627294;0.033150201122606957;0.02632144996614167;0.06849964888709964;0.026321448159940315
0;0.033150200852222984;0.07914876769627294;0.033150201122606957;0.02632144996614167;0.06849964888709964;0.026321448159940315
0;0.033150200852222984;0.07914876769627294;0.033150201122606957;0.02632144996614167;0.06849964888709964;0.026321448159940315
0;0.033150200852222984;0.07914876769627294;0.033150201122606957;0.02632144996614167;0.06849964888709964;0.026321448159940315
0;0.033150200852222984;0.07914876769627294;0.033150201122606957;0.02632144996614167;0.06849964888709964;0.026321448159940315
0;0.033150200852222984;0.07914876769627294;0.033150201122606957;0.02632144996614167;0.06849964888709964;0.026321448159940315
0;0.033150200852222984;0.07914876769627294;0.033150201122606957;0.02632144996614167;0.06849964888709964;0.026321448159940315
0;0.033150200852222984;0.07914876769627294;0.033150201122606957;0.02632144996614167;0.06849964888709964;0.026321448159940315
0;0.033150200852222984;0.07914876769627294;0.033150201122606957;0.02632144996614167;0.06849964888709964;0.026321448159940315
0;0.033150200852222984;0.07914876769627294;0.033150201122606957;0.02632144996614167;0.06849964888709964;0.026321448159940315
0;0.033150200852222984;0.07914876769627294;0.033150201122606957;0.02632144996614167;0.06849964888709964;0.026321448159940315
0;0.033150200852222984;0.07914876769627294;0.033150201122606957;0.02632144996614167;0.06849964888709964;0.026321448159940315
0;0.033150200852222984;0.07914876769627294;0.033150201122606957;0.02632144996614167;0.06849964888709964;0.026321448159940315
0;0.033150200852222984;0.07914876769627294;0.033150201122606957;0.02632144996614167;0.06849964888709964;0.026321448159940315
0;0.033150200852222984;0.07914876769627294;0.033150201122606957;0.02632144996614167;0.06849964888709964;0.026321448159940315
0;0.033150200852222984;0.07914876769627294;0.033150201122606957;0.02632144996614167;0.06849964888709964;0.026321448159940315
0;0.033150200852222984;0.07914876769627294;0.033150201122606957;0.02632144996614167;0.06849964888709964;0.026321448159940315
0;0.033150200852222984;0.07914876769627294;0.033150201122606957;0.02632144996614167;0.06849964888709964;0.026321448159940315
0;0.033150200852222984;0.07914876769627294;0.033150201122606957;0.02632144996614167;0.06849964888709964;0.026321448159940315
0;0.033150200852222984;0.07914876769627294;0.033150201122606957;0.02632144996614167;0.06849964888709964;0.026321448159940315
