948 812
954 807
965 805
963 812
957 817
944 823
951 829
956 823
965 820
970 816
971 826
969 834
972 838
968 843
961 844
961 837
956 838
959 833
950 844
947 847
945 837
940 837
939 843
944 833
938 851
934 853
932 861
928 863
925 859
923 847
931 841
869 818
870 824
875 820
866 812
861 819
855 820
853 814
858 813
855 807
861 804
893 832
891 824
885 827
879 811
875 805
873 800
872 808
884 804
886 810
892 845
885 852
835 849
830 846
836 838
829 837
834 831
824 838
822 829
819 833
817 842
824 847
818 859
811 862
810 859
814 854
804 861
803 858
807 853
811 843
814 839
808 838
803 833
793 832
799 839
798 843
795 848
793 851
793 846
747 852
742 840
738 837
740 831
743 825
735 828
733 833
660 904
654 905
651 909
656 911
650 900
652 896
646 895
642 900
637 895
642 891
636 887
631 894
593 922
586 922
585 915
591 914
582 908
588 901
594 903
597 898
594 893
602 897
582 898
587 895
532 951
527 946
534 945
540 948
540 941
534 938
526 939
529 933
538 901
532 908
527 909
524 904
531 898
521 897
512 884
510 880
505 875
512 868
519 870
507 906
513 902
514 899
515 925
514 920
505 921
503 917
506 912
501 909
496 914
488 913
492 917
499 920
494 924
489 928
488 923
491 938
494 930
497 937
500 943
504 936
501 926
507 926
511 930
516 934
515 940
521 934
519 930
482 931
370 967
374 964
376 970
379 966
381 971
385 962
391 957
393 953
385 954
389 951
388 947
383 948
383 940
388 935
392 931
386 931
380 936
375 938
377 941
369 942
366 949
376 954
378 952
380 956
377 959
369 956
371 960
286 944
290 946
288 940
282 942
284 937
296 936
299 931
293 933
291 925
295 928
295 923
291 918
285 920
287 926
927 846
926 840
918 844
919 857
919 851
941 817
976 821
975 816
971 809
967 849
976 832
726 831
729 828
739 820
744 819
749 818
751 858
734 845
647 889
645 908
636 900
581 913
588 909
537 893
531 891
514 893
510 898
506 890
507 882
517 882
521 883
507 870
510 872
517 901
518 905
513 911
517 912
521 916
531 930
534 933
539 935
542 953
540 960
544 958
535 958
531 956
528 951
524 944
520 940
490 945
485 942
483 936
486 933
500 952
506 946
505 949
508 949
502 887
502 885
501 879
498 875
496 882
497 887
481 950
480 955
476 952
472 951
475 946
473 943
470 944
465 948
468 950
453 944
457 942
459 943
462 938
458 935
462 932
454 935
450 936
450 933
450 930
455 929
457 928
459 922
457 922
458 920
453 922
448 923
450 925
388 944
384 945
392 949
382 960
384 965
374 972
367 963