858 806
860 812
854 814
850 817
858 820
866 824
870 832
872 825
866 835
858 829
851 831
853 824
843 822
841 830
845 838
861 842
867 846
863 852
857 851
844 851
841 843
840 840
836 844
833 849
840 856
835 858
831 859
826 849
824 844
820 852
857 835
853 842
797 850
802 845
805 839
803 833
795 833
797 828
809 853
806 850
811 845
807 857
800 859
752 836
745 834
741 841
739 834
742 830
739 827
736 829
731 833
725 828
728 835
722 838
724 848
725 842
729 843
731 849
734 839
734 854
736 860
688 859
682 857
677 851
676 843
670 830
667 824
672 817
664 818
661 824
665 829
659 834
657 829
655 824
657 819
668 812
673 811
664 872
663 862
657 864
595 888
590 889
586 884
590 879
584 880
579 883
578 877
582 873
586 872
576 872
581 864
592 861
536 906
530 901
537 902
528 899
530 896
535 894
527 886
531 881
524 878
522 884
539 884
542 882
491 924
486 926
486 920
481 920
481 913
488 913
492 911
483 908
469 914
470 910
474 909
465 907
460 912
455 917
453 911
448 911
451 904
446 902
451 898
449 893
454 895
460 893
462 896
463 900
456 902
474 886
478 881
478 886
483 877
480 872
488 872
497 876
497 871
492 867
485 884
491 883
464 862
460 862
459 858
464 855
473 855
473 860
478 857
479 848
474 843
472 848
353 932
351 927
356 925
358 929
363 924
362 920
360 924
356 919
367 920
369 917
373 921
366 912
363 906
368 904
370 902
367 896
363 902
362 896
359 904
354 909
278 913
279 907
275 905
282 903
284 909
288 900
291 896
285 896
279 901
280 896
285 890
288 887
290 884
288 882
283 885
839 826
852 809
867 815
837 865
829 866
822 863
828 854
800 838
807 827
801 826
796 822
811 827
813 830
813 834
809 836
776 818
772 818
773 811
770 812
745 826
719 830
718 834
712 836
716 841
719 843
727 852
730 857
720 853
681 845
672 824
676 819
593 871
591 866
587 865
584 860
578 858
573 864
573 869
570 874
573 878
582 890
600 884
596 881
595 875
600 872
597 867
595 861
581 854
540 890
546 881
545 878
541 879
539 876
535 878
533 888
532 891
526 893
526 899
524 902
544 894
502 882
500 884
505 887
490 888
474 881
476 874
469 858
469 864
479 905
488 908
493 917
469 900
471 896
472 900
469 890
467 881
463 888
461 881
458 886
455 882
455 889
450 884
447 889
440 903
462 919
361 929
358 933
356 936
363 934
353 921
359 913
354 916
350 914
350 909
354 900
370 913
373 916
370 928
368 924
367 929
289 892