1171 650
1176 645
1177 653
1179 656
1185 651
1187 656
1188 644
1180 642
1185 636
1188 637
1175 641
1170 637
1174 631
1167 636
1159 635
1165 645
1167 643
1160 644
1160 652
1162 649
1153 653
1143 647
1146 640
1149 638
1152 641
1154 638
1095 651
1095 644
1090 639
1088 643
1083 648
1078 643
1083 639
1092 657
1099 660
1089 662
1092 666
1021 610
1027 617
1026 629
1018 629
1013 640
1017 649
1005 646
1001 633
1009 635
1002 627
539 935
547 932
551 940
553 929
543 942
535 942
532 934
546 948
541 945
536 946
526 927
395 876
399 842
393 840
386 838
387 844
392 847
394 871
398 871
396 883
393 882
388 875
384 880
380 878
379 873
386 871
389 869
393 865
397 863
390 861
387 863
379 885
374 879
376 883
378 881
385 886
389 885
401 898
403 894
397 896
398 897
401 903
394 904
395 901
388 897
390 895