1494 610
1489 605
1494 599
1500 605
1490 614
1488 612
1493 625
1487 617
1482 624
1481 633
1493 639
1472 601
1469 596
1462 600
1459 607
1454 606
1453 611
1449 611
1446 618
1453 619
1457 616
1466 616
1462 623
1454 630
1443 634
1444 629
1439 628
1431 628
1436 635
1430 637
1423 631
1422 635
1425 643
1419 648
1413 648
1409 646
1408 636
1404 634
1413 632
1433 646
1431 650
1450 639
1443 649
1438 650
1434 659
1428 658
1442 656
1441 665
1451 664
1453 660
1451 658
1456 657
1457 653
1461 650
1461 654
1464 654
1464 658
1466 660
1467 666
1469 666
1472 671
1467 676
1461 676
1457 668
1460 670
1443 675
1436 675
1432 671
1428 667
1420 662
1421 669
1425 673
1414 677
1421 679
1419 685
1442 682
1448 684
1448 691
1458 683
1442 697
1438 693
1437 702
1429 695
1393 666
1388 673
1382 669
1388 662
1388 658
1377 659
1371 663
1367 657
1373 652
1397 750
1387 754
1390 748
1390 762
1392 758
1393 766
1399 772
1288 694
1283 689
1288 688
1285 685
1283 682
1286 678
1281 676
1289 683
1291 676
1295 670
1293 666
1292 662
1284 669
1283 652
1283 649
1276 643
1270 650
1264 644
1275 654
1270 663
1263 660
1262 653
1257 655
1252 656
1253 663
1260 667
1260 672
1265 665
1269 669
1233 677
1228 673
1235 683
1229 687
1231 688
1222 692
1217 689
1215 684
1220 679
1220 673
1213 670
1204 668
1205 673
1202 679
1206 687
1201 689
1195 690
1190 689
1198 685
1189 679
1185 683
1201 693
1206 693
1209 698
1214 696
1220 700
1214 706
1218 707
1228 702
1206 705
1205 709
1211 710
1057 624
1048 614
1048 607
1057 613
1059 636
1068 630
1065 650
1081 656
1088 650
1091 657
1096 653
1104 663
1095 670
1093 677
1099 682
1105 679
1092 688
1084 681
1144 701
1138 705
1145 707
1135 699
1132 693
1134 688
1140 687
1143 693
1146 689
1078 702
1073 713
1081 708
1086 712
1083 724
1076 729
1070 725
1063 731
1067 733
1061 738
1065 743
1074 741
1079 740
1086 739
1091 741
1087 734
1099 740
1092 750
1092 726
1095 731
1063 714
1061 707
1057 698
1069 703
1066 693
1046 770
1054 765
1057 760
1047 756
1041 761
1034 758
1041 753
1028 751
1024 752
1018 746
1011 741
1016 733
1026 736
1028 740
1035 742
1041 739
1040 748
1027 760
1031 766
1040 769
1039 778
1029 795
1022 795
1026 791
1033 790
1037 790
1018 787
1014 784
1011 780
1019 777
1006 791
997 788
1004 782
997 777
1001 776
998 770
630 756
637 750
623 755
619 751
614 751
611 755
616 758
615 764
611 765
618 770
622 769
624 763
625 761
598 768
601 766
602 764
604 759
604 753
596 753
590 757
586 755
585 761
590 767
596 761
594 745
572 769
576 766
569 763
571 758
573 752
593 735
510 723
512 735
503 739
500 743
496 749
494 740
1427 585
1428 589
1422 593
1423 597
1420 604
1417 599
1409 613
1405 615
1406 604
1382 617
605 747
612 743
610 760