1514 571
1511 569
1518 567
1512 564
1508 562
1503 560
1507 557
1501 556
1503 547
1509 541
1510 545
1513 550
1511 556
1513 561
1501 568
1507 574
1485 550
1492 544
1494 542
1492 550
1484 543
1482 543
1476 544
1477 538
1482 535
1482 539
1487 540
1490 538
1496 535
1492 530
1486 533
1486 525
1456 555
1449 551
1444 553
1447 560
1459 561
1463 566
1458 568
1455 572
1454 580
1445 575
1444 569
1436 569
1430 572
1431 563
1425 573
1419 572
1415 577
1414 582
1419 579
1425 579
1429 578
1433 582
1439 578
1435 586
1432 591
1436 596
1442 593
1440 601
1447 596
1451 586
1445 584
1426 587
1421 590
1435 574
1438 567
1450 571
1329 529
1319 529
1325 538
1327 537
1317 538
1334 541
1334 547
1323 551
1320 556
1317 547
1316 563
1326 563
1330 557
1325 572
1318 571
1302 584
1305 591
1298 596
1315 590
1323 599
1320 605
1317 602
1314 607
1316 611
1308 603
1300 605
1309 610
1309 615
1312 621
1317 616
1324 611
1331 611
1324 621
1332 620
1323 626
1318 628
1315 629
1320 634
1309 632
1304 625
1332 639
1323 643
1319 641
1312 648
1282 664
1277 660
1285 656
1283 654
1288 650
1280 650
1278 648
1276 654
1274 652
1268 651
1262 645
1273 640
1272 637
1270 644
1274 632
1277 642
1265 636
1265 631
1261 628
1259 637
1251 625
1248 633
1234 651
1233 656
1240 654
1234 665
1239 663
1243 668
1240 673
1234 670
1231 673
1237 675
1244 681
1256 689
1249 689
1256 694
1260 696
1265 690
1261 683
820 697
827 696
830 689
815 693
820 690
824 690
821 687
823 685
826 687
827 682
833 682
818 676
813 681
818 685
822 682
811 686
806 688
806 681
800 680
794 672
790 675
805 675
793 685
787 684
784 690
793 696
800 696
798 689
761 699
757 703
752 697
746 701
741 697
743 689
749 683
756 684
753 691
764 688
682 676
684 668
678 668
670 667
670 674
677 680
674 686
681 682
670 691
660 693
657 691
666 685
657 683
661 680
685 656