1710 615
1715 607
1701 610
1702 603
1707 598
1712 591
1701 589
1708 586
1697 596
1709 622
1704 621
1706 628
1716 628
1716 620
1712 634
1706 637
1712 640
1698 629
1698 640
1681 644
1681 639
1687 637
1692 633
1692 624
1686 628
1658 638
1656 631
1659 645
1643 645
1646 633
1590 622
1590 627
1595 618
1590 610
1587 618
1578 624
1576 619
1579 617
1578 604
1584 628
1543 664
1549 659
1541 655
1546 646
1549 640
1552 646
1556 640
1559 636
1554 635
1557 630
1550 631
1554 620
1548 614
1548 622
1542 627
1541 618
1536 615
1537 624
1538 638
1539 645
1535 643
1531 639
1529 647
1530 628
1530 621
1523 624
1568 649
1568 640
1575 639
1580 639
1581 645
1477 723
1480 717
1484 712
1471 721
1468 715
1470 705
1464 706
1461 701
1475 697
1480 706
1484 694
1478 689
1473 692
1478 682
1472 681
1458 694
1464 694
1437 712
1433 713
1426 712
1422 708
1423 701
1431 702
1439 700
1433 696
1431 691
1435 688
1443 688
1444 673
1436 676
1430 682
1422 684
1416 684
1414 679
1422 672
1424 679
1429 669
1438 670
1451 664
1440 661
1431 661
1424 664
1461 656
1454 649
1461 647
1469 642
1469 648
1475 648
1461 637
1400 728
1393 731
1396 737
1388 737
1383 734
1375 734
1376 727
1382 723
1388 725
1389 718
1395 724
1365 729
1361 727
1364 720
1370 720
1374 716
1368 708
1362 715
1362 708
1361 702
1367 702
1374 705
1355 723
1356 718
1356 730
1348 726
1346 718
1338 714
1334 721
1332 716
1325 720
1326 726
1337 728
1330 733
1343 730
1319 741
1315 735
1330 748
1337 745
1330 757
1321 754
1314 756
1315 748
1341 776
1346 769
1335 766
1332 770
1343 763
1245 807
1249 798
1240 799
1237 809
1233 805
1240 789
1245 790
1253 787
1238 783
1228 795
1233 797
1235 792
1232 785
1230 777
1222 787
1219 798
1217 790
1221 777
1219 772
1213 778
1208 791
1210 771
1210 764
1217 764
1211 756
1164 798
1169 793
1163 789
1175 785
1165 771
1163 776
1172 771
1161 767
1184 746
1191 746
1159 734
1147 729
1157 723
1198 780
1192 785
1088 834
1081 838
1081 848
1087 843
1093 829
1098 827
1091 823
1084 825
1085 814
1078 823
1072 826
1069 822
1037 831
1040 828
1047 826
1054 825
1059 821
1063 812
1056 812
1049 814
1043 812
1040 817
946 850
942 855
937 851
940 847
946 843
941 841
942 836
917 877
923 874
916 871
911 873
920 865
925 861
916 862
910 865
910 859
920 852
924 854
922 847
932 842
936 843
930 843
931 840
930 831
935 835
935 828
930 819
929 827
922 826
923 818
924 830
922 835
917 837
908 836
903 847
901 839
818 829
819 824
811 823
813 819
809 830
806 825
809 814
804 810
800 814
801 819
807 818
794 813
799 807
802 804
794 805
791 805
790 795
796 798
802 791
797 788
790 788
781 784
779 775
796 781
803 778
803 770
793 771
787 770
793 777
786 763
793 767
803 763
782 852
808 850
771 858
769 855
764 854
770 850
776 849
781 842
790 837
793 831
784 833
774 838
771 844
777 832
775 828
772 826
774 821
773 814
782 812
784 823
788 818
788 814
789 827
674 790
672 783
677 783
671 778
665 778
664 784
640 838
645 834
644 841
649 835
635 836
630 835
635 831
562 889
555 888
551 887
558 879
560 884
553 879
551 872
562 872
565 871
566 880
565 842
572 844
574 838
580 835
562 835
558 837
552 827
547 827
552 822
546 834
543 828
546 821
570 761
567 768
569 776
574 768
401 826
396 822
399 818
394 816
401 812
399 808
393 807
407 810
404 802
371 846
371 841
364 845
365 837
363 841
363 836
365 833
368 835
347 884
346 888
342 892
341 887
337 888
338 883
341 879
344 880
346 874
351 878
351 871
350 874
358 871
357 869
355 872
364 872
350 868
59 841
60 838
64 840
64 842
69 843
64 846
62 849
60 846
56 847
55 850
59 851
56 852
325 869
326 874
325 866
311 849
312 845
315 852
316 847
318 864
312 864
313 858
317 857
315 873
311 874
310 879
314 878
316 884
1464 684
1459 684
1450 679
1436 709
1422 694
1203 799
1146 708
1140 714
1135 702
1138 694
1123 697
1074 834
1039 825
912 855
769 835
767 846
611 817
609 824
441 843
436 843
437 839
428 818
408 817
405 820