1518 632
1522 625
1523 632
1523 619
1517 614
1524 610
1513 623
1510 632
1506 625
1502 629
1498 622
1503 619
1508 616
1512 616
1510 606
1517 603
1510 599
1517 593
1523 589
1513 587
1521 581
1508 576
1513 574
1515 569
1510 561
1515 558
1509 569
1503 564
1504 555
1496 560
1485 557
1487 563
1494 570
1500 573
1494 577
1488 573
1482 580
1487 586
1483 593
1475 589
1476 600
1484 603
1490 599
1494 591
1495 583
1502 588
1506 594
1499 599
1501 606
1496 608
1498 614
1503 612
1466 626
1463 635
1470 639
1472 648
1470 654
1465 647
1463 652
1458 643
1453 651
1445 648
1454 643
1460 657
1466 663
1477 659
1484 659
1476 666
1471 671
1465 671
1456 665
1451 659
1444 659
1442 665
1449 666
1446 673
1454 672
1461 677
1459 681
1453 679
1461 689
1461 692
1451 695
1452 688
1445 682
1443 690
1441 676
1376 627
1371 632
1363 624
1369 624
1365 617
1360 608
1352 615
1346 617
1347 624
1357 623
1357 631
1362 637
1366 641
1357 643
1349 640
1344 632
1350 630
1342 642
1333 639
1349 648
1314 676
1315 681
1310 681
1304 683
1300 675
1300 670
1307 674
1291 674
1295 681
1292 687
1286 681
1284 675
1281 670
1278 676
1270 673
1276 666
1268 668
1260 671
1257 679
1262 678
1259 684
1266 685
1265 692
1273 681
1268 679
1277 686
1285 685
1285 694
1294 695
1298 690
1304 692
1292 703
1286 705
1280 699
1274 693
1270 696
1265 706
1271 703
1276 707
1282 711
1289 716
1297 712
1296 719
1293 725
1301 725
1297 731
1288 731
1282 730
1285 733
1285 725
1278 727
1273 721
1279 719
1274 713
1270 708
1266 713
1261 718
1261 727
1264 733
1254 732
1252 737
1260 745
1260 738
1267 736
1266 743
1271 737
1269 729
1266 723
1257 714
1255 707
1258 704
1258 693
1254 686
1263 699
1298 702
1303 700
1159 756
1162 748
1156 742
1159 742
1158 747
1168 747
1149 748
1145 745
1146 740
1148 744
964 816
958 813
950 813
949 823
954 835
955 825
943 810
939 819
936 814
929 823
936 826
945 837
947 830
942 849
935 842
931 836
935 833
923 828
919 823
913 830
916 837
922 846
921 851
915 856
902 852
906 846
911 841
908 837
958 846
954 851
912 747
905 744
906 751
897 750
893 758
888 744
897 739
903 730
897 728
905 724
913 730
921 733
908 736
918 738
929 729
918 726
930 740
737 914
728 917
731 924
735 921
724 922
719 917
721 913
714 911
708 914
700 909
703 909
709 907
706 904
710 904
703 900
703 896
699 903
695 907
694 910
699 913
703 917
692 915
684 914
688 911
688 906
692 902
686 901
694 898
698 896
681 908
680 910
676 909
678 904
670 906
667 908
665 902
670 901
667 899
674 898
677 891
683 893
683 887
688 887
688 894
678 880
674 887
670 890
663 895
656 889
663 887
664 884
666 882
671 880
650 888
653 883
646 883
644 887
641 882
636 884
637 876
642 875
643 872
643 868
640 866
648 866
649 873
654 872
654 878
657 882
660 879
663 873
659 869
661 866
666 871
671 874
677 868
669 868
671 863
678 861
683 858
684 862
687 856
683 853
676 855
672 856
666 860
665 863
665 854
662 850
660 859
655 856
656 853
654 848
648 849
648 859
643 854
661 847
667 850
672 848
668 844
675 845
681 845
681 841
689 842
690 846
686 836
692 837
706 833
707 838
712 833
712 828
717 823
700 836
698 827
696 820
706 826
690 828
689 820
689 814
683 817
684 811
684 827
675 833
678 825
674 819
678 812
673 807
663 808
670 814
661 813
656 819
657 827
665 825
670 828
670 836
663 832
662 837
651 842
649 832
644 824
642 830
644 837
641 846
637 840
636 853
585 934
581 930
578 927
589 930
589 924
589 917
582 918
595 919
596 913
599 918
603 909
598 847
589 845
583 847
585 837
591 838
590 833
596 832
596 827
594 821
588 824
583 821
583 830
577 836
576 829
575 822
569 825
567 818
564 816
562 823
558 818
556 822
556 828
558 830
562 830
595 906
601 902
590 912
577 914
585 876
586 867
579 842
576 847
573 843
572 837
567 835
561 836
557 835
557 844
560 844
558 850
563 847
565 843
568 840
571 843
569 848
565 852
567 854
560 858
571 858
574 853
580 854
586 855
591 852
586 859
578 859
589 861
580 866
579 872
591 873
577 882
574 878
573 871
574 865
570 864
564 863
568 866
565 871
568 877
569 882
565 879
563 882
560 880
562 875
557 876
561 868
557 863
554 864
555 869
549 867
552 873
551 876
545 874
550 863
552 857
548 856
551 851
544 860
544 865
540 874
540 879
544 882
541 887
553 882
544 889
539 890
541 894
546 893
552 893
557 895
552 888
557 888
559 891
563 896
564 899
560 901
559 900
552 899
548 897
546 919
539 923
535 920
532 922
532 916
538 917
545 912
540 909
544 905
535 911
530 912
528 907
531 904
536 905
538 900
533 898
535 894
529 897
526 901
524 894
529 891
533 887
533 882
532 876
529 878
530 884
526 884
527 880
501 892
494 892
494 900
495 903
498 905
503 898
489 893
485 895
490 886
485 887
486 883
488 905
485 909
485 902
479 913
478 910
480 907
480 902
478 897
477 896
482 895
482 890
482 885
477 883
481 879
474 887
476 892
471 895
473 900
474 902
470 903
468 901
471 908
473 912
473 914
469 917
467 911
462 909
465 905
461 905
462 902
464 898
467 894
470 890
468 886
470 882
473 880
478 876
474 873
464 889
461 892
459 886
461 882
462 872
467 867
478 868
473 863
478 860
468 860
463 855
469 853
458 862
451 859
451 865
453 870
448 865
445 861
448 855
442 857
456 875
450 882