1046 761
1042 766
1037 769
1038 760
1032 760
1035 754
1025 756
1032 751
1035 747
1040 750
1041 752
1043 750
1041 744
1048 745
1051 750
1046 755
1045 740
1052 741
1052 733
1043 730
1047 732
1050 727
1051 722
1055 720
1049 715
1046 719
1041 713
1036 715
1042 720
1035 717
1035 722
1032 725
1037 730
1037 731
1032 739
1031 732
1025 729
1022 732
1015 745
1022 735
1039 737
1043 709
1050 711
1046 703
1037 708
1040 703
1033 704
1030 698
1027 702
1032 713
1024 715
1027 714
1026 709
1036 676
1032 670
1036 668
1035 664
1028 661
1026 666
1027 673
1032 678
1026 678
1021 673
1019 664
1012 666
1010 671
1017 679
1013 681
1022 683
1006 684
1004 677
1000 673
998 680
1001 688
957 705
952 705
944 703
939 703
961 701
958 698
954 692
947 694
950 696
945 687
942 696
938 696
938 689
938 683
945 682
948 680
955 684
951 675
958 673
945 668
941 671
941 678
935 676
934 671
934 660
939 660
940 665
928 674
864 704
860 697
859 701
863 693
870 694
870 692
872 687
873 682
863 685
860 682
865 681
870 677
855 673
854 668
851 671
857 665
863 666
864 658
869 665
874 662
871 658
862 651
857 655
851 661
848 657
852 650
856 644
861 640
855 637
847 635
847 647
845 642
841 639
835 635
834 640
837 649
843 651
835 659
828 653
831 646
826 644
817 641
815 644
812 649
804 648
803 656
810 659
817 661
822 658
817 655
821 652
829 662
823 666
833 664
826 670
831 674
826 678
825 684
832 682
829 691
826 696
831 697
829 704
822 700
820 693
822 688
816 687
818 697
823 710
815 710
809 706
814 701
810 718
817 718
823 721
826 726
819 728
814 724
805 723
809 727
802 727
802 732
809 733
816 739
812 742
814 748
808 748
801 746
800 740
807 739
755 766
751 769
750 775
755 773
739 769
745 770
744 764
748 762
744 759
737 761
742 755
747 751
755 757
756 752
759 748
765 750
767 744
776 750
773 745
759 738
748 742
752 737
743 741
742 747
737 744
750 734
756 728
752 726
761 720
761 714
764 713
760 706
753 712
748 721
756 717
752 705
746 706
746 700
755 699
759 695
760 691
751 694
744 688
750 686
757 684
759 687
765 681
761 677
757 678
756 672
752 677
749 674
747 670
752 664
747 665
744 662
738 658
741 675
737 667
730 663
728 669
729 677
724 680
731 684
737 681
736 686
738 690
746 680
741 695
743 722
745 726
737 726
735 722
744 732
736 736
729 736
721 733
733 743
731 747
729 749
720 753
725 742
724 746
719 741
713 745
716 748
712 754
709 752
715 762
716 758
707 759
710 764
706 770
705 774
702 772
701 776
703 777
708 782
709 777
698 783
693 786
694 776
697 772
693 774
688 773
689 771
698 767
697 765
702 762
703 750
699 749
701 745
706 745
705 742
711 738
700 743
698 737
703 732
705 727
702 719
698 723
696 716
692 721
693 726
691 732
686 728
686 723
680 725
676 723
682 733
679 729
693 741
689 748
691 746
695 747
696 754
691 754
691 759
696 761
689 764
682 760
686 756
675 755
679 752
682 750
682 747
685 743
678 743
676 740
679 738
682 740
687 740
676 746
673 749
675 749
672 756
676 762
679 765
676 768
554 774
560 791
559 785
565 779
570 783
573 785
575 786
569 789
567 786
558 795
550 787
553 788
553 793
554 801
549 797
552 810
556 808
544 801
545 778
545 773
544 766
537 767
537 774
529 771
531 776
522 766
525 761
533 757
537 760
541 782
551 744
551 741
555 739
556 747
559 742
561 737
560 731
556 733
551 735
547 728
543 730
543 728
539 724
461 758
458 749
463 748
466 746
467 753
450 769
450 759
454 760