1447 613
1444 621
1436 622
1440 615
1429 615
1436 611
1438 603
1444 607
1450 600
1445 597
1441 598
1434 593
1432 601
1428 607
1426 603
1423 596
1419 591
1426 587
1437 583
1433 588
1442 589
1444 581
1450 591
1454 584
1450 577
1452 573
1450 567
1443 573
1437 576
1437 568
1431 560
1426 572
1423 581
1417 572
1414 587
1412 580
1408 575
1403 572
1399 567
1404 559
1408 567
1414 558
1416 554
1419 554
1422 560
1419 566
1426 556
1440 556
1445 563
1449 559
1447 554
1433 551
1422 550
1421 694
1430 691
1423 687
1426 681
1423 676
1413 699
1414 693
1401 698
1403 692
1395 690
1400 689
1401 682
1400 675
1407 679
1412 675
1407 672
1413 666
1411 658
1407 650
1405 661
1401 666
1412 646
1403 642
1401 650
1401 656
1395 658
1388 653
1393 648
1395 642
1394 635
1389 643
1386 640
1382 637
1378 633
1378 640
1374 644
1376 652
1383 658
1376 659
1370 657
1362 659
1354 651
1358 646
1364 637
1361 641
1370 635
1370 639
1368 665
1358 664
1394 671
1389 672
1393 678
1391 682
1389 687
1389 694
1392 699
1385 702
1375 695
1380 690
1381 589
1378 584
1373 593
1373 586
1383 578
1402 580
1399 584
1361 624
1355 631
1366 628
1365 616
1369 617
1364 608
1358 615
1351 622
1345 619
1344 611
1352 608
1346 603
1357 595
1351 595
1347 590
1342 595
1309 595
1306 601
1301 604
1293 603
1301 595
1295 589
1289 586
1289 596
1281 598
1279 589
1281 580
1273 586
1273 596
1274 604
1283 606
1281 616
1290 613
1298 609
1297 618
1304 617
1304 610
1287 620
1293 626
1287 629
1303 623
1308 624
1309 633
1301 630
1300 639
1309 643
1307 650
1307 656
1299 656
1300 648
1293 643
1287 644
1293 652
1292 636
1283 636
1271 619
1269 627
1273 612
1271 641
1273 634
1278 634
1278 641
1266 639
1267 631
1256 642
1259 633
1261 667
1259 659
1263 661
1253 666
1252 657
1252 674
1242 666
1247 667
1244 659
1245 652
1236 659
1235 650
1234 645
1229 655
1226 659
1220 655
1214 659
1221 669
1223 662
1229 666
1227 674
1231 680
1238 678
1243 674
1242 680
1236 673
1237 686
1235 693
1227 691
1226 697
1228 704
1217 705
1218 698
1208 702
1211 709
1212 693
1217 688
1223 683
1218 679
1211 679
1218 673
1214 667
1235 753
1236 744
1242 744
1243 737
1237 733
1241 728
1250 725
1245 721
1241 718
1233 718
1232 727
1225 737
1229 734
1226 746
1221 742
1232 741
1219 737
1219 732
1224 728
1227 722
1239 721
1194 742
1186 741
1188 735
1192 734
1196 732
1191 726
1199 722
1191 719
1196 711
1199 708
1202 703
1204 707
1194 701
1190 706
1187 711
1186 705
1185 718
1183 728
1179 737
1177 725
1176 716
1180 710
1170 713
1172 706
1176 702
1180 701
1185 723
1185 696
1177 694
1175 681
1170 671
1163 667
1152 676
1146 668
1154 670
1150 664
1149 658
1143 655
1139 648
1143 649
1134 652
1127 651
1127 662
1132 667
1136 660
1139 666
1141 673
1143 677
1146 689
1151 689
1151 693
1147 699
1138 701
1136 692
1138 684
1132 683
1131 678
1128 671
1125 668
1123 711
1116 716
1120 703
1115 703
1116 699
1111 708
1104 707
1109 713
1105 715
1103 723
1113 724
1101 702
1100 688
1093 692
1095 683
1096 679
1106 678
1102 695
1105 699
1098 698
1096 725
1091 721
1094 707
1087 699
1076 701
1082 705
1072 696
1076 693
1067 709
1062 705
1063 718
1072 714
1076 709
1076 714
1084 725
1089 729
1089 739
1084 742
1076 747
1072 741
1077 736
1069 730
1070 739
1072 721
1078 722
1064 724
1063 729
1062 738
1062 746
1059 752
1060 760
1051 760
1051 748
1055 742
1047 740
1053 733
1047 732
1055 727
1059 722
1047 723
1042 725
1043 717
1047 712
1056 712
1053 705
1047 704
1043 708
1043 762
1045 756
1044 749
1029 711
1026 702
1026 697
1027 688
1030 691
1018 690
1019 684
1027 679
1019 700
1020 706
1016 710
1012 705
1006 711
1006 719
1012 717
1011 721
1003 723
1002 701
1008 702
1010 697
1004 690
1010 686
1000 685
994 688
998 694
993 697
992 692
668 901
664 906
667 896
673 900
663 910
664 914
662 903
646 890
645 894
639 892
635 896
642 899
639 900
631 899
628 893
628 890
632 887
638 881
636 875
629 878
626 873
627 868
635 866
634 865
629 860
625 855
633 852
620 873
621 879
614 864
612 874
608 866
604 873
602 862
599 864
607 859
603 855
610 854
619 859
617 849
624 847
623 842
617 842
611 843
606 845
610 840
615 839
600 843
600 831
598 815
598 808
641 873
640 868
644 882
591 952
596 949
581 950
582 942
584 939
591 944
597 940
593 936
597 931
587 936
581 933
580 939
577 934
581 928
574 927
580 920
588 931
586 923
591 927
596 923
599 927
602 920
599 916
594 911
591 917
584 917
579 914
574 909
579 907
581 901
584 910
587 905
546 827
550 822
553 826
551 832
541 831
540 825
542 818
543 814
541 809
539 804
543 805
548 806
553 802
548 796
541 792
536 792
535 798
539 800
532 808
530 802
527 807
529 812
530 819
525 823
523 817
521 813
517 821
520 829
526 793
529 794
520 798
514 810
513 824
515 831
568 762
570 752
566 753
563 755
560 750
558 744
556 739
553 740
554 753
555 757
562 763
563 767
556 769
556 765
531 787
526 784
519 788
451 816
445 820
453 820
444 808
434 809
431 810
422 812
415 813
421 818
419 821
419 825
426 822
429 822
427 817
435 821
433 829
437 831
441 825
444 828
426 900
427 896
421 905
421 897
415 902
412 902
415 893
417 888
422 891
425 888
420 885
416 883
419 879
416 874
412 899
411 891
409 887
411 881
411 871
406 878
399 875
394 878
397 859
393 861
392 863
391 856
386 859
386 853
388 846
394 848
397 851
401 847
400 841
393 841
396 835
395 830
397 828
391 832
391 823
386 827
385 821
380 825
383 830
385 834
386 841
390 837
379 836
382 839
379 844
378 841
387 866
390 870
390 887
388 883
385 889
381 886
378 890
374 885
377 881
374 880
379 878
371 881
372 872
376 872
375 867
369 864
370 870
366 871
363 873
362 868
362 887
366 892
369 885
366 882
371 905
369 911
367 914
361 914
359 912
359 908
356 908
358 905
363 908
365 903
331 860
326 857
323 856
316 860
311 864
310 868
309 873
314 873
316 869
318 874
325 874
319 878
315 879
311 880
315 887
320 885
325 882
329 880
332 880
334 885
329 886
325 889
326 893
331 893
327 900
319 895
319 891
321 955
315 955
314 948
310 948
311 939
315 941
324 939
325 926
326 920
319 920
318 925
319 930
314 934
315 928
310 928
311 921
316 919
308 917
304 919
298 919
299 925
296 924
304 925
299 929
303 932
306 939
303 939
307 944
304 946
305 948
307 952
310 957
313 962
315 961
320 963
323 960
321 948
322 936
324 932
330 925
272 881
271 878
270 870
273 872
237 934
241 933
241 931
244 928
242 926
237 929
233 932
236 940
231 941
233 938
227 937
230 934
228 930
232 927
230 924
235 922
234 919
238 919
241 919
236 914
235 907
230 913
230 906
229 901
234 900
232 898
225 897
223 900
227 903
225 907
219 909
221 905
219 913
224 913
226 918
226 920
225 926
222 923
223 929
218 925
221 919
217 919
214 916
211 908