1887 569
1885 565
1882 562
1878 563
1884 556
1887 560
1892 560
1892 564
1891 568
1896 568
1896 572
1896 574
1900 572
1903 577
1900 579
1904 583
1901 587
1897 586
1897 590
1901 590
1898 595
1901 600
1902 596
1871 500
1873 498
1873 491
1866 491
1863 494
1858 534
1854 535
1847 539
1847 529
1853 529
1860 529
1851 545
1850 549
1853 546
1852 551
1844 580
1838 585
1838 592
1841 590
1830 583
1834 586
1833 589
1836 580
1834 577
1840 574
1842 569
1836 573
1833 570
1829 576
1825 566
1829 561
1838 563
1844 563
1837 568
1839 555
1839 552
1834 557
1826 556
1835 548
1811 583
1804 579
1804 583
1801 576
1808 572
1810 576
1815 572
1811 570
1798 569
1802 566
1795 564
1789 567
1791 573
1804 607
1801 602
1802 596
1809 600
1791 557
1798 558
1795 549
1803 545
1801 539
1793 541
1793 537
1794 530
1799 533
1801 528
1798 523
1796 517
1766 577
1765 583
1770 582
1754 584
1758 584
1761 578
1760 573
1756 576
1765 572
1753 571
1747 575
1748 580
1754 565
1748 567
1750 564
1745 564
1743 573
1708 501
1704 499
1706 495
1709 491
1712 496
1714 493
1664 619
1659 617
1661 612
1668 615
1661 623
1656 625
1655 622
1653 618
1647 619
1651 615
1654 613
1627 580
1626 576
1622 575
1627 566
1631 570
1633 575
1640 579
1600 631
1593 626
1591 621
1598 621
1604 629
1594 645
1589 638
1588 634
1582 629
1585 626
1578 627
1574 631
1580 639
1583 643
1586 650
1588 654
1591 661
1578 652
1576 648
1573 639
1568 645
1562 645
1565 640
1557 638
1559 642
1561 638
1557 631
1550 641
1554 646
1550 653
1545 645
1543 640
1546 637
1538 633
1544 633
1551 633
1611 534
1614 541
1605 541
1608 545
1606 547
1601 547
1598 551
1599 555
1585 553
1576 546
1570 685
1576 687
1547 691
1541 694
1536 694
1536 702
1542 702
1543 709
1547 707
1552 710
1547 713
1543 713
1539 714
1542 720
1536 720
1539 727
1533 729
1533 735
1533 735
1537 737
1541 733
1547 729
1552 730
1555 724
1551 722
1558 712
1565 707
1559 705
1552 702
1553 698
1548 700
1479 666
1470 666
1470 659
1478 659
1471 652
1479 650
1474 645
1480 640
1486 650
1484 656
1479 634
1471 636
1467 643
1407 607
1399 608
1409 598
1411 602
1406 590
1412 589
1372 696
1365 690
1371 685
1359 689
1364 681
1372 679
1375 674
1380 669
1370 670
1363 670
1377 664
1377 661
1339 677
1333 676
1329 682
1332 685
1324 685
1322 680
1330 669
1327 674
1326 666
1326 660
1331 662
1338 660
1345 663
1337 666
1350 662
1346 657
1346 673
1290 647
1291 653
1292 658
1296 662
1301 659
1297 655
1284 648
1287 654
1287 659
1282 661
1280 655
1273 657
1275 662
1279 667
1285 671
1292 671
1285 681
1277 678
1276 685
1281 687
1280 692
1269 699
1270 705
1275 705
1262 709
1265 704
1258 702
1255 695
1263 697
1264 691
1256 689
1265 685
1268 681
1261 681
1269 688
1249 696
1253 702
1252 706
1255 707
1248 714
1243 719
1248 721
1244 712
1238 708
1231 707
1231 713
1237 715
1236 791
1235 783
1227 785
1221 787
1220 779
1226 778
1218 768
1226 757
1229 761
1174 791
1165 790
1161 785
1163 777
1174 782
1173 775
1175 768
1165 761
1167 751
1153 755
1150 760
1152 765
1164 746
1174 743
1115 760
1117 752
1122 746
1122 758
1108 758
1107 763
1111 769
1116 773
1122 767
1107 775
1101 775
1102 767
1100 758
1106 747
1093 756
1089 752
1084 748
1084 753
1088 761
1089 766
1095 763
1094 768
1096 775
1091 778
1087 772
1082 767
1079 763
1075 757
1077 752
1076 775
1077 769
1081 774
1082 780
1078 784
1087 783
1076 790
1082 790
1082 794
1087 791
1093 786
1096 781
972 758
967 764
971 767
977 765
965 762
961 757
963 749
955 745
964 736
969 745
975 748
982 738
972 735
983 730
966 729
975 725
978 720
960 726
955 735
959 768
953 766
956 775
969 773
511 809
513 803
509 799
511 796
504 792
507 789
494 790
495 800
508 857
512 850
511 844
505 850
506 845
503 839
503 833
505 831
497 835
497 841
498 847
496 846
499 853
501 859
498 862
498 870
501 870
502 866
495 865
492 861
488 859
491 870
491 873
493 856
487 854
488 847
484 848
488 843
487 837
489 831
485 828
481 831
484 833
481 840
476 835
471 834
474 832
473 827
478 822
467 831
374 860
373 860
371 857
376 857
377 855
379 854
378 848
374 847
375 845
369 853
367 856
353 854
348 857
345 859
341 864
337 861
340 858
339 852
340 848
346 846
349 846
347 842
350 840
346 839
347 836
349 834
353 836
355 842
356 841
361 845
357 849
356 850
358 848
366 849
365 852
251 946
250 954
242 952
242 948
247 943
239 940
242 932
237 936
241 945
236 947
231 946
229 944
226 942
234 941
233 939
242 936
246 937
244 940
201 895
197 891
201 889
198 887
201 885
202 882
204 888
208 886
198 881
196 883
195 881
196 877
201 875
205 875
205 870
203 870
209 867
204 867
198 872
195 874
197 868
199 867
197 864
202 863
205 862
205 857
203 855
207 854
201 859
197 857
200 854
198 852
199 849
203 850
200 845
202 844
167 873
166 866
172 863
173 867
176 864
177 865
180 867
182 865
179 860
171 860
169 857
169 858
172 858
172 854
167 854
166 852
168 848
171 851
174 852
176 856
181 858
176 859
180 853
177 851
179 850
176 846
176 845
177 845
172 848
171 846
173 844
171 840
178 842
143 861
145 858
141 857
143 854
145 850
141 850
139 854
136 856
134 850
136 847
139 845
141 844
137 841
132 839
137 838
131 852
127 835
130 833
131 831
117 910
112 911
114 908
117 915
122 910
124 911
122 904
127 905
118 900
116 901
111 902
111 895
113 888
116 890
121 889
125 889
102 913
99 910
96 907
98 904
99 907
96 901
93 904
99 898
96 896
97 893
102 896
100 886
93 885
96 882
99 884
92 879
86 879
86 881
84 885
81 881
78 883
80 886
87 887
82 891
79 895
81 897
83 896
87 892
91 893
90 896
87 896
86 900
89 900
84 903
87 906
90 909
89 910
125 883
128 880
124 875
131 874
128 870
135 870
135 874
129 885
116 868
117 864
111 865
120 869
116 871
113 860
121 859
116 857
57 874
54 881
1394 599
1413 576
1291 683
1290 677
1285 676
1243 724
1242 726
1234 720
952 756
957 761
948 761