1393 670
1398 663
1386 665
1379 666
1381 657
1390 658
1391 652
1383 652
1386 646
1390 649
1376 650
1377 644
1370 653
1370 663
1365 663
1363 656
1364 645
1370 642
1375 634
1367 632
1362 636
1379 639
1357 701
1353 696
1348 700
1346 694
1349 688
1344 684
1350 682
1348 675
1356 684
1355 676
1366 680
1369 670
1362 668
1361 628
1331 617
1334 611
1323 612
1327 607
1331 600
1323 596
1322 604
1315 607
1314 614
1315 594
1307 600
1301 601
1307 587
1299 593
1296 597
1305 691
1303 699
1295 696
1298 689
1299 683
1292 681
1286 684
1291 690
1287 696
1292 701
1280 693
1277 682
1272 686
1265 684
1276 674
1285 671
1285 663
1273 661
1278 664
1271 669
1266 671
1228 705
1229 697
1225 690
1223 696
1229 684
1223 669
1218 675
1224 660
1217 661
1216 652
1207 657
1207 665
1205 670
1214 669
1211 672
1214 678
1205 677
1210 683
1217 687
1208 691
1214 695
1219 699
1219 708
1213 703
1205 707
1207 698
1199 702
1201 695
1198 681
1200 674
1199 669
1201 663
1200 658
1171 708
1167 711
1173 712
1166 705
1170 701
1159 709
1157 703
1162 698
1157 693
1166 694
1168 685
1169 676
1149 688
1154 682
1160 679
1160 674
1153 676
1165 664
1159 661
1155 660
1148 659
1147 654
1145 668
1149 671
1133 682
1146 678
1131 676
1125 680
1121 676
1128 669
1115 656
1119 686
1122 691
1128 690
1134 690
1134 699
1130 697
1123 699
1120 703
1125 705
1130 704
1140 706
1133 709
1128 708
1125 709
1122 717
1127 715
1133 718
1132 725
1124 723
1127 729
1036 651
1031 653
1027 654
1035 658
1040 656
1028 663
1020 666
1022 673
1028 675
1033 669
1038 665
1042 668
1038 674
1043 677
1033 680
1026 681
1022 679
1031 687
1038 685
1045 685
1042 691
1039 698
1032 694
1048 702
1034 702
1033 699
1027 700
1041 715
1053 706
1060 709
1061 718
1057 717
1052 723
1046 726
1038 729
1028 723
1025 715
1030 719
1031 729
1032 735
1039 741
1042 734
1046 737
1050 740
1052 736
1049 731
1046 748
1041 747
1052 749
1023 803
1031 804
1017 802
1015 796
1021 795
1027 790
1029 797
1034 793
1026 783
1020 784
1034 780
1028 777
1021 774
1026 772
1033 763
1019 760
1016 765
1010 765
1005 762
1003 758
1008 751
1008 744
1021 755
1023 751
995 766
997 762
1004 754
997 754
993 759
990 763
986 768
990 773
985 776
982 779
979 771
1002 771
997 776
1006 782
1002 782
1010 774
1017 779
1016 771
956 873
961 866
956 865
952 860
945 870
951 854
959 854
959 860
963 850
962 846
956 848
943 851
938 849
945 863
947 856
950 845
959 842
954 838
939 843
942 839
963 834
964 827
955 827
951 818
946 824
944 827
939 824
945 815
950 812
940 810
941 804
933 812
933 804
933 819
927 816
928 814
914 789
907 789
905 795
907 804
905 807
898 802
897 793
889 796
891 788
895 785
898 787
902 785
897 779
904 778
906 772
900 770
893 773
888 768
887 772
885 781
883 792
881 786
877 781
871 783
872 775
875 771
882 765
879 773
882 888
876 892
877 885
871 888
881 880
881 872
876 876
873 881
868 884
870 875
864 873
865 867
873 870
878 866
872 864
874 859
874 853
880 846
881 856
880 862
868 859
862 861
858 865
854 858
857 855
858 849
865 853
865 846
871 842
868 839
863 887
861 881
844 810
840 813
834 804
838 799
842 802
844 797
848 794
840 785
831 784
829 792
825 785
834 789
840 776
833 775
840 770
833 767
827 769
829 761
834 760
829 754
822 755
818 751
816 759
822 763
800 770
799 762
797 756
803 755
805 762
774 792
778 788
778 789
783 783
779 778
774 783
763 784
763 778
771 775
769 782
770 768
765 770
766 764
758 765
758 772
757 755
766 755
765 749
759 751
757 743
750 741
753 749
749 755
748 762
746 761
742 765
736 768
731 763
738 760
742 755
735 752
740 748
745 743
745 736
738 740
732 736
740 730
745 730
732 727
728 733
730 741
701 886
700 891
705 890
707 886
707 881
700 879
698 873
700 872
692 866
695 864
691 859
688 872
685 878
680 875
680 866
678 871
674 866
674 862
675 881
681 884
688 885
692 883
691 890
691 896
687 902
680 899
686 894
681 891
675 889
670 892
673 898
676 895
677 903
681 902
671 884
589 834
581 834
577 837
573 840
570 837
564 837
565 833
574 830
575 833
578 830
577 827
572 825
568 829
583 821
585 827
590 822
588 816
497 865
493 869
492 862
490 866
484 869
485 863
488 857
489 851
484 854
482 860
493 855
412 854
414 848
408 850
408 844
411 846
404 853