1847 521
1847 528
1852 523
1851 516
1858 518
1869 513
1861 516
1867 519
1870 517
1878 527
1913 539
1916 535
1908 533
1907 539
1808 595
1812 592
1819 592
1824 598
1818 585
1825 587
1829 585
1826 582
1821 577
1817 579
1828 572
1820 571
1812 571
1807 583
1803 591
1799 583
1794 591
1789 587
1791 576
1798 562
1797 571
1791 565
1792 559
1792 552
1798 553
1803 547
1806 556
1807 565
1810 565
1803 576
1807 574
1800 570
1810 544
1814 541
1810 539
1803 542
1798 543
1797 538
1795 535
1801 532
1801 536
1808 534
1809 528
1784 591
1780 588
1777 583
1774 588
1770 583
1770 575
1777 574
1768 572
1773 568
1779 568
1776 564
1775 557
1775 553
1785 559
1784 565
1785 572
1785 554
1784 578
1768 613
1772 612
1768 604
1764 606
1763 600
1758 607
1759 613
1762 619
1758 620
1749 620
1745 618
1753 613
1745 611
1749 610
1748 603
1745 602
1741 609
1737 604
1734 610
1742 597
1736 593
1733 599
1730 602
1725 597
1722 600
1723 605
1720 613
1722 619
1724 614
1734 623
1738 621
1732 632
1729 632
1725 631
1722 640
1728 643
1727 655
1727 659
1721 658
1720 654
1723 649
1718 649
1717 646
1733 654
1735 648
1712 640
1716 634
1717 625
1715 620
1712 616
1693 614
1703 614
1701 618
1700 609
1696 604
1693 599
1690 610
1670 679
1662 681
1657 681
1661 687
1659 675
1664 672
1668 667
1673 674
1658 668
1655 674
1650 671
1651 662
1655 665
1664 662
1662 659
1663 652
1655 655
1649 650
1642 656
1643 651
1657 648
1654 642
1645 640
1638 643
1636 648
1632 641
1632 635
1641 635
1629 645
1594 668
1594 661
1587 663
1594 658
1586 655
1590 647
1583 647
1575 652
1577 662
1585 683
1588 672
1583 667
1578 679
1575 672
1568 667
1563 669
1568 655
1567 649
1569 628
1565 626
1560 632
1559 625
1568 635
1549 615
1551 612
1543 607
1506 725
1509 720
1500 720
1505 717
1498 713
1493 718
1491 714
1477 715
1470 720
1474 707
1468 708
1462 707
1463 703
1457 706
1457 714
1454 715
1463 722
1462 731
1456 727
1451 723
1451 731
1445 727
1449 740
1370 756
1376 753
1368 749
1376 745
1370 742
1371 739
1366 754
1365 759
1358 748
1365 746
1358 743
1365 738
1353 737
1349 729
1355 729
1344 735
1346 741
1340 742
1333 743
1339 749
1345 753
1352 755
1353 751
1350 746
1346 760
1348 766
1344 770
1345 779
1342 776
1340 769
1342 765
1356 764
1309 703
1312 700
1317 693
1306 696
1307 689
1312 693
1311 685
1247 748
1245 744
1250 741
1246 738
1248 748
1212 766
1213 761
1220 764
1218 754
1208 772
1206 763
1199 767
1199 761
1205 754
1203 751
1200 748
1197 751
1197 740
1199 735
1202 737
1207 732
1201 729
1208 724
1214 721
1223 727
1217 732
1225 740
1226 748
1221 744
1215 743
1209 740
1210 749
1206 745
1191 732
1189 726
1160 737
1157 742
1149 744
1149 734
1147 737
1150 726
1160 729
1163 724
1165 733
1174 730
1173 721
1173 714
1167 716
1158 720
1012 708
1019 703
1009 699
1012 713
1015 719
1006 734
1004 724
996 720
997 716
994 720
993 713
989 708
995 704
995 697
999 690
1002 685
993 686
992 691
998 769
1001 774
997 777
992 774
990 778
984 778
984 773
986 771
988 766
984 766
980 771
981 777
934 755
924 765
917 770
916 767
914 777
922 773
927 776
928 770
905 777
902 772
905 771
895 774
898 779
893 783
898 788
894 792
897 796
903 798
894 800
890 797
884 799
886 793
884 784
884 777
881 772
878 770
876 773
877 779
873 783
877 794
864 788
867 789
866 785
866 779
868 771
863 771
859 765
854 766
855 769
850 771
853 777
858 776
857 783
861 780
873 824
878 822
877 829
876 835
871 838
871 833
872 843
858 852
855 846
852 848
852 842
849 843
847 848
849 852
853 859
854 864
849 866
860 863
862 858
866 853
873 847
913 686
917 692
925 691
923 694
905 692
905 698
905 700
895 699
889 699
890 703
880 703
758 784
753 778
761 778
757 770
680 798
688 802
680 791
675 782
666 783
665 786
661 784
671 773
664 773
665 766
676 771
623 798
622 791
626 786
619 785
621 781
618 778
620 774
624 775
628 769
625 769
626 762
620 764
616 767
616 770
618 759
623 754
635 787
633 783
637 782
635 766
635 757
593 805
585 808
585 815
577 816
579 823
583 821
590 826
589 819
589 815
579 809
572 812
576 805
572 804
573 799
576 801
583 796
581 801
550 868
544 862
549 862
554 864
555 860
550 857
544 857
540 857
546 852
543 848
547 848
546 841
548 843
555 853
557 845
562 851
568 846
569 841
568 837
560 838
564 833
554 834
551 837
508 860
512 863
513 855
508 853
508 847
514 849
520 843
513 842
510 829
502 829
519 834
519 830
496 833
491 826
488 839
484 832
486 822
491 821
424 809
428 812
412 791
410 792
409 795
402 793
403 786
398 786
396 793
398 801
180 823
184 821
186 827
189 825
187 822
181 829
175 825
173 825
173 822
177 820
181 817
122 831
117 829
118 827
114 829
113 825
113 822
110 819
106 822
108 825
107 827
103 828
101 831
107 836
110 833
103 838
102 840
101 839
37 829
39 827
37 825
39 823
36 822
38 820
41 817
39 816
40 833
38 835
38 840
43 839
44 841
36 844
38 846
23 841
25 838
23 838
20 835
22 833
21 831
25 830
26 834
28 832
28 829