1521 847
1522 842
1514 842
1515 838
1522 830
1530 834
1526 824
1530 819
1531 824
1524 818
1517 825
1510 823
1510 832
1509 815
1517 815
1521 810
1508 808
1516 803
1522 796
1529 801
1536 797
1528 792
1512 791
1504 795
1515 795
1530 811
1523 626
1523 634
1530 627
1526 619
1524 614
1516 614
1516 622
1509 614
1512 629
1506 621
1497 620
1498 612
1505 607
1510 606
1517 601
1511 596
1506 594
1499 598
1504 603
1491 602
1493 589
1498 584
1500 593
1503 588
1493 575
1376 795
1382 792
1387 789
1379 786
1371 788
1373 781
1378 775
1366 776
1372 771
1385 777
1386 769
1388 761
1382 759
1387 754
1379 754
1369 753
1369 763
1377 766
1363 768
1367 758
1380 746
1372 745
1283 749
1289 749
1288 742
1283 738
1278 745
1278 754
1273 748
1271 743
1274 740
1271 733
1277 735
1277 730
1279 722
1284 728
1285 731
1290 727
1288 725
1287 721
1284 714
1292 715
1297 712
1288 708
1290 704
1286 700
1280 703
1280 697
1273 706
1270 699
1265 705
1270 711
1279 710
1276 717
1268 717
1275 724
1260 714
1256 710
1256 719
1229 762
1223 768
1216 771
1212 765
1210 771
1213 779
1212 786
1210 796
1216 791
1218 786
1216 801
1258 702
1274 673
1276 666
1263 672
1260 674
1260 692
1058 824
1066 816
1059 812
1050 814
1046 820
1046 827
1057 828
1054 834
1061 836
1068 831
1075 837
1067 842
977 820
972 821
967 826
965 834
971 831
959 822
963 815
965 809
968 806
969 801
969 796
961 793
957 800
958 809
953 810
952 821
948 825
949 816
948 812
947 808
945 801
951 799
952 802
940 801
938 805
942 810
937 811
937 816
941 819
944 815
937 823
940 830
943 826
944 833
939 836
933 831
929 825
933 819
928 818
924 823
923 830
927 832
925 837
920 836
930 837
900 803
897 796
904 793
893 801
904 786
900 779
895 784
890 787
885 784
881 790
884 793
885 799
889 802
877 803
872 801
866 802
870 808
871 810
875 815
873 820
868 818
863 814
864 808
858 808
859 811
856 815
886 817
882 819
895 805
888 830
882 828
876 832
868 824
862 821
857 828
856 822
864 828
853 834
859 839
864 839
869 843
870 832
874 842
880 842
883 836
886 843
877 849
873 851
877 858
869 853
864 848
882 855
869 858
801 861
800 854
807 850
791 848
783 846
777 852
782 859
789 858
785 865
794 866
794 873
787 878
780 875
778 871
780 866
783 869
775 863
772 856
773 843
767 851
761 846
758 856
765 858
767 864
768 872
771 876
761 878
761 872
758 867
759 863
751 865
749 870
746 875
748 880
752 876
756 874
753 882
755 879
748 885
753 904
748 902
749 898
756 901
752 908
748 911
749 914
755 914
742 911
743 915
734 910
731 913
729 906
733 903
738 905
739 900
741 898
742 894
741 885
736 882
733 889
739 890
734 895
730 893
726 896
730 898
725 902
707 919
702 920
703 917
706 915
702 926
702 931
709 928
707 934
700 936
698 930
694 933
690 928
694 926
687 931
684 934
687 937
686 940
691 934
691 941
694 939
689 942
690 922
698 924
698 921
696 919
699 915
702 911
671 845
669 840
661 837
662 844
655 847
654 839
649 848
646 844
644 838
662 852
658 858
654 854
651 859
647 852
663 862
665 859
657 863
660 867
650 865
645 864
646 857
640 856
642 851
641 861
636 860
635 863
634 866
637 871
640 867
642 869
640 871
627 864
624 856
629 852
627 847
623 851
619 854
617 857
615 850
618 846
620 842
622 844
623 838
624 842
628 836
628 838
626 829
618 834
619 828
617 838
612 842
610 844
607 838
610 834
613 830
613 820
622 820
622 817
622 810
615 810
611 807
613 804
610 799
606 805
602 809
596 814
600 820
606 825
608 827
607 814
611 859
608 851
603 846
605 841
602 850
583 885
575 880
571 875
566 877
566 873
579 871
579 869
584 874
582 864
571 832
568 825
566 817
560 817
578 835
578 843
546 829
548 833
550 831
552 838
555 847
555 853
558 859
562 863
566 858
566 862
559 869
555 865
554 862
549 857
544 859
548 864
543 867
551 870
551 874
555 870
557 875
544 876
542 870
537 861
536 855
533 850
535 848
533 845
546 853
524 862
522 853
517 854
513 849
510 845
507 842
506 838
501 840
503 846
507 850
511 854
510 859
515 861
512 867
509 872
510 877
516 872
503 873
504 869
505 865
507 863
503 861
502 864
498 871
498 869
500 875
502 878
505 877
504 881
498 857
503 854
498 851
515 877
512 879
514 884
510 887
507 883
502 883
500 886
505 887
501 890
499 891
496 889
492 876
486 875
479 876
480 878
481 884
478 886
475 887
470 885
470 887
475 879
473 875
476 874
480 870
484 871
470 879
468 876
466 880
465 885
470 883
466 876
445 817
444 813
438 814
440 811
437 808
434 810
429 815
427 814
424 820
425 826
429 825
432 822
432 825
438 823
440 829
428 832
423 833
426 836
431 835
435 833
436 836
455 864
458 869
454 859
443 861
443 865
447 865
443 870
439 872
443 874
450 875
451 883
452 886
454 887
441 882
440 877
434 882
435 878
395 777