1904 602
1906 595
1909 596
1897 592
1895 596
1898 597
1896 601
1903 588
1910 588
1914 592
1915 584
1918 582
1912 577
1906 579
1908 570
1917 571
1910 584
1864 631
1862 625
1868 627
1865 621
1866 612
1868 609
1870 607
1862 606
1861 601
1865 603
1864 598
1856 599
1857 596
1858 592
1855 590
1850 595
1848 590
1843 592
1845 586
1844 584
1851 585
1856 586
1815 564
1822 563
1809 566
1812 571
1810 574
1809 577
1786 627
1790 626
1786 621
1779 618
1786 615
1792 615
1796 613
1788 610
1797 608
1794 604
1790 604
1785 601
1785 607
1781 605
1777 609
1775 602
1771 600
1778 597
1786 597
1793 596
1788 588
1782 591
1776 591
1783 583
1788 579
1745 547
1741 552
1748 554
1742 556
1741 560
1745 561
1743 568
1740 566
1750 570
1749 566
1755 573
1752 577
1745 580
1736 581
1749 590
1745 597
1739 599
1747 603
1755 599
1756 613
1752 608
1742 606
1758 605
1761 604
1762 610
1762 617
1755 617
1764 607
1768 612
1713 613
1712 606
1706 609
1701 611
1701 617
1699 621
1706 619
1710 619
1724 611
1719 618
1637 537
1631 535
1641 532
1643 528
1636 526
1592 661
1594 665
1588 664
1586 669
1590 668
1582 666
1576 661
1578 655
1582 659
1583 655
1588 654
1594 656
1529 575
1530 580
1521 582
1516 592
1516 596
1507 591
1506 599
1559 618
1554 614
1559 610
1555 608
1567 603
1565 596
1521 671
1523 665
1518 664
1515 670
1510 662
1530 671
1528 669
1508 681
1506 676
1501 672
1490 674
1504 685
1507 689
1507 704
1514 697
1501 700
1500 695
1495 700
1489 696
1491 691
1496 687
1489 684
1496 682
1495 677
1490 681
1481 696
1484 689
1481 683
1477 689
1474 694
1474 687
1477 681
1470 678
1470 683
1469 689
1464 685
1464 676
1460 683
1457 679
1456 685
1458 690
1451 679
1475 698
1446 781
1445 775
1452 786
1453 780
1450 772
1449 766
1454 767
1463 777
1468 772
1459 775
1462 770
1466 764
1462 761
1456 761
1459 781
1450 760
1453 754
1459 753
1465 756
1470 758
1474 754
1469 752
1464 749
1460 746
1454 748
1450 748
1453 738
1459 736
1376 715
1366 715
1366 709
1377 706
1369 701
1377 699
1382 702
1384 697
1378 689
1371 695
1365 697
1367 687
1371 691
1386 691
1391 694
1307 654
1299 654
1294 644
1309 644
1313 648
1311 636
1303 638
1309 632
1311 628
1299 629
1268 742
1273 738
1278 735
1266 734
1262 738
1251 740
1255 735
1259 729
1271 722
1266 716
1282 728
1256 717
1242 719
1244 725
1236 723
1231 732
1228 724
1226 727
1222 731
1218 727
1223 721
1229 715
1228 709
1223 707
1226 701
1240 709
1247 710
1243 702
1235 705
1194 720
1191 710
1186 719
1186 725
1191 721
1177 718
1172 714
1175 709
1181 708
1186 713
1186 705
1185 700
1180 702
1176 703
1182 697
1185 696
1174 702
1169 704
1169 710
1177 728
1171 726
1170 732
1176 733
1174 739
1166 744
1166 751
1171 752
1160 754
1162 760
1165 760
1166 756
1156 761
1154 757
1153 751
1158 748
1154 741
1148 739
1154 731
1159 731
1164 730
1155 726
1153 729
1137 769
1138 762
1131 765
1134 760
1129 757
1132 751
1125 749
1122 754
1120 761
1123 769
1130 772
1129 777
1132 781
1123 776
1119 778
1117 773
1126 783
1119 747
1109 833
1101 833
1101 825
1117 838
1111 840
1101 815
1050 799
1035 803
1055 827
1054 821
1059 822
1043 823
1042 829
1044 835
1056 836
1048 816
1045 810
1035 811
988 803
1000 806
1001 796
995 792
1003 818
997 813
994 820
985 818
985 812
989 809
980 800
984 797
978 794
974 796
976 804
978 808
979 821
976 816
973 810
969 806
968 801
972 818
968 811
967 819
863 822
868 822
868 812
871 808
877 806
872 801
865 803
857 808
857 814
863 814
852 799
856 793
864 797
870 794
866 789
862 787
851 787
849 780
856 778
860 772
855 768
866 769
877 773
865 780
453 898
452 894
448 892
446 888
449 885
451 890
454 886
456 883
463 883
459 876
460 872
453 878
455 872
452 872
450 880
444 879
441 880
439 874
443 874
447 869
446 863
453 866
454 861
459 866
461 859
444 855
439 858
437 862
439 866
431 860
434 858
434 853
437 850
427 858
352 878
352 873
348 871
348 882
344 880
330 865
328 861
323 859
322 863
324 866
322 870
317 871
328 877
324 880
315 876
319 882
320 886
316 886
313 886
316 880
300 898
298 893
294 891
293 896
289 900
293 901
297 901
296 903
293 905
289 905
243 967
234 972
236 966
238 964
243 961
244 960
241 957
240 958
235 962
233 963
229 962
225 961
227 959
223 958
226 954
231 958
235 958
232 954
235 952
235 948
238 951
239 953
231 950
200 913
198 914
197 910
201 908
198 906
201 903
204 907
196 900
195 897
195 893
198 892
200 894
204 892
203 890
197 887
198 885
201 884
204 883
201 877
203 876
196 878
198 876
196 873
203 872
199 869
197 870
198 866
199 866
198 861
201 861
149 871
148 875
146 876
144 872
143 867
146 867
147 861
143 861
140 854
135 859
134 862
139 863
140 870
138 869
139 873
128 926
127 918
125 919
133 912
130 909
121 905
134 924
133 922
135 919
134 917
136 923
139 919
137 915
137 912
136 907
135 928
132 930
131 926
130 932
132 937
126 930
123 926
128 918
129 914
124 913
122 912
121 913
127 910
127 914
111 905
106 903
110 901
107 900
103 896
99 898
100 902
100 904
97 902
94 899
93 901
94 906
95 909
97 914
98 913
100 910
103 910
103 914
99 917
103 917
98 921
100 924
102 925
104 922
104 929
106 933
108 935
110 937
111 938
111 935
109 933
111 931
109 929
110 927
107 927
108 924
106 921
110 925
112 921
109 920
108 919
108 913
108 910
112 910
111 914
112 915
114 912
142 897
140 892
138 890
141 887
143 889
134 893
135 898
136 901
181 867
177 865
174 864
174 869
181 863
183 865
185 869
183 870
179 872
177 874
179 876
182 876
184 875
186 875
185 879
180 879
180 881
183 882
185 886
184 888
968 833