1470 541
1472 532
1467 526
1462 524
1455 523
1456 518
1454 514
1457 511
1461 514
1463 517
1451 528
1439 487
1442 492
1436 495
1440 502
1434 505
1427 508
1425 504
1425 514
1431 517
1444 510
1445 516
667 834
665 828
669 828
668 822
661 824
657 828
657 835
660 838
666 837
661 820
666 811
666 804
660 804
658 811
655 806
651 804
649 801
646 805
644 811
641 812
650 818
651 823
646 814
651 812
647 799
650 796
655 790
660 787
662 792
663 788
657 796
655 799
658 801
663 799
667 799
670 814
664 765
664 757
658 759
658 753
652 750
651 761
648 765
645 758
639 764
641 771
657 765
599 774
597 768
593 764
592 772
585 767
584 761
579 762
582 757
589 760
590 755
589 768
587 748
579 742
573 742
577 751
577 757
572 758
573 763
577 767
582 774
526 765
520 763
521 757
515 750
512 740
517 736
510 734
504 737
491 733
504 722
503 728
498 727
493 726
492 724
490 720
486 715
483 715
474 715
473 718
481 722
469 725
465 722
464 731
469 733
475 729
477 728
481 729
484 731
481 738
475 734
478 743
485 742
489 739
485 750
490 748
486 754
492 754
484 761
493 769
494 776
485 774
490 786
491 791
486 787
483 782
479 788
475 786
475 790
479 795
474 796
479 799
470 800
465 799
468 794
466 805
470 807
474 810
476 805
480 807
422 731
421 727
418 731
430 731
431 740
435 743
425 742
424 736
418 740
415 747
409 741
420 752
422 745
427 749
426 756
434 760
432 751
437 748
429 762
434 768
438 757
440 768
442 772
436 774
432 779
430 773
431 784
438 786
424 762
420 756
438 732
440 739
425 790
420 786
431 788
433 794
422 793
436 801
441 803
445 804
440 796
433 811
438 815
439 822
433 826
433 817
436 822
429 821
428 825
423 824
421 819
424 816
428 815
426 811
421 812
426 808
417 798
415 792
410 794
406 797
404 799
408 803
409 806
404 811
404 809
407 811
398 808
401 804
396 801
398 795
404 791
408 789
396 786
399 782
398 772
392 777
390 789
392 794
391 801
386 785
387 779
386 775
381 780