1787 448
1785 454
1790 453
1787 462
1791 460
1797 456
1799 453
1779 456
1777 462
1752 482
1749 485
1743 480
1740 480
1747 476
1745 469
1744 471
1752 467
1753 474
1742 487
1738 485
1734 484
1735 490
1733 495
1729 497
1732 502
1738 502
1743 502
1740 495
1748 495
1723 499
1728 506
1731 519
1730 524
1722 523
1728 531
1735 530
1736 535
1728 537
1720 533
1724 537
1724 543
1730 543
1735 544
1738 539
1742 534
1744 540
1747 547
1755 552
1751 557
1745 562
1745 553
1742 558
1758 557
1736 561
1732 562
1732 555
1739 552
1730 549
1680 558
1671 562
1664 562
1664 557
1670 550
1673 545
1686 548
1691 550
1693 562
1689 576
1686 586
1693 587
1633 583
1638 583
1630 579
1624 582
1628 587
1624 574
1624 564
1616 560
1617 575
1615 579
1618 583
1622 590
1614 587
1608 588
1604 582
1609 579
1602 576
1606 570
1602 569
1596 579
1596 587
1592 592
1591 587
1604 560
1601 592
1549 615
1544 612
1540 615
1529 614
1523 614
1519 607
1524 598
1534 604
1529 608
1542 606
1545 600
1553 609
1549 607
1555 603
1542 593
1540 593
1545 583
1538 582
1533 578
1529 584
1531 592
1536 618
1418 636
1415 641
1409 646
1409 653
1401 657
1394 661
1398 650
1398 641
1398 635
1397 634
1389 640
1384 642
1381 650
1378 639
1385 631
1376 631
1261 631
1255 635
1254 643
1264 643
1266 637
1259 652
1253 654
1258 707
1260 700
1255 703
1266 700
1267 712
1213 658
1214 653
1204 652
1204 645
1206 637
1217 641
1215 630
1195 636
1192 643
1192 653
1196 660
1202 660
1201 668
1195 671
1198 678
1210 666
1192 664
1187 659
1189 658
1193 684
1190 677
1188 681
1189 673
1220 836
1228 833
1235 829
1230 824
1231 813
1224 820
1215 829
1219 823
1213 819
1219 811
1221 804
1214 800
1212 806
1204 805
1202 799
1209 800
1210 795
1206 795
1194 800
1189 808
1188 804
1187 813
1195 817
1191 821
1197 810
1204 818
1205 825
1224 814
1220 828
1167 662
1163 672
1153 672
1155 662
1151 664
1156 654
1150 658
1144 651
1135 650
1141 658
1141 664
1134 662
1127 662
1121 660
1135 671
1129 668
1130 677
1134 682
1140 678
1144 672
1149 681
1149 687
1156 685
1143 687
1139 685
1146 685
1129 687
1134 690
1132 696
1126 694
1139 690
1142 695
1137 700
1142 705
1151 700
1154 705
1149 709
1151 714
1146 719
1142 721
1132 721
1138 715
1128 716
1132 712
1136 708
1130 703
1160 692
1163 685
1157 679
1140 762
1140 755
1137 751
1129 756
1132 761
1127 760
1125 756
1125 768
1125 775
1121 732
1119 734
1126 734
1128 745
1129 747
1122 747
1095 755
1090 749
1096 749
1096 744
1088 742
1081 743
1081 737
1082 731
1085 734
1097 735
1091 730
1096 726
1100 728
1105 721
1102 721
1107 715
1111 708
1099 714
1091 710
1094 716
1094 705
1084 700
1078 706
1080 710
1085 707
1087 714
1084 720
1090 723
1085 750
979 718
979 724
973 716
975 710
983 710
977 699
968 690
965 687
966 680
967 672
967 664
974 659
967 655
971 678
970 709
972 722
964 719
961 727
963 737
953 734
946 732
945 735
944 742
947 744
956 742
936 728
933 731
929 725
932 721
929 719
938 715
939 722
947 722
938 735
952 717
946 716
950 711
937 704
940 698
932 700
946 704
986 701
882 722
889 720
888 714
883 714
883 705
875 709
875 717
869 719
869 710
869 699
866 689
874 692
875 701
869 696
865 713
861 706
863 700
860 696
857 686
851 694
848 687
846 681
840 686
843 693
843 701
840 707
835 700
839 713
849 711
849 705
852 700
856 703
854 709
858 712
839 779
831 777
826 781
833 783
839 771
838 764
848 763
845 755
838 750
832 757
831 762
818 753
811 755
804 760
804 762
805 766
809 742
816 745
820 739
811 732
805 737
805 729
811 725
821 730
815 763
817 787
811 784
807 791
811 795
819 797
822 802
824 804
810 806
804 797
798 793
811 816
797 805
799 819
807 821
814 822
795 824
801 826
797 832
801 834
798 839
797 844
791 842
789 834
789 826
789 817
790 813
774 835
770 832
773 828
777 832
779 825
765 825
770 819
775 815
777 819
780 808
772 809
775 801
776 794
769 793
774 780
767 779
768 768
775 774
760 772
765 774
755 777
751 782
749 787
756 788
752 797
747 792
746 798
752 805
748 805
759 800
760 796
765 786
767 801
763 809
761 814
754 814
761 819
761 827
781 813
544 802
543 796
539 795
538 804
543 813
525 818
511 822
513 816
513 809
514 803
508 806
501 806
496 808
495 813
492 809
498 816
497 823
495 828
494 831
500 835
502 832
503 827
506 799
502 800
496 798
498 803
493 838
477 809
471 805
476 803
475 797
467 798
461 798
465 809
471 814
478 813
474 818
482 808
479 803
449 809
447 799
451 800
442 800
443 796
438 805
441 809
437 810
437 812
429 798
429 790
414 785
410 781
408 779
412 774
409 776
413 778
420 789
423 784
426 786
427 793
417 780
1524 603
1526 593
1216 794
1208 786
1204 790
1200 794
822 763
826 772
800 745
803 749
400 788
407 792
407 796
401 798
404 803
411 803
408 807
406 811
490 788
487 783
492 782
422 779
426 774
393 801