1891 475
1894 474
1899 471
1890 469
1894 468
1894 464
1896 462
1890 461
1888 455
1892 456
1892 449
1889 443
1895 454
1896 459
1901 456
1904 460
1906 465
1897 446
1899 450
1896 440
1891 437
1886 440
1886 450
1882 444
1883 456
1885 462
1913 456
1908 459
1905 453
1914 449
1908 443
1918 455
1919 448
1918 444
1918 439
1918 436
1833 436
1840 429
1835 422
1826 420
1822 426
1825 433
1804 481
1803 476
1798 476
1800 470
1797 463
1804 463
1808 468
1809 475
1815 475
1816 466
1812 464
1806 457
1801 456
1794 459
1784 458
1781 465
1787 472
1788 466
1794 471
1773 474
1774 482
1778 480
1769 481
1769 468
1773 463
1776 467
1777 459
1403 514
1400 508
1406 501
1409 505
1369 522
1373 527
1373 519
1379 523
1381 526
1378 529
1380 533
1375 538
1369 535
1364 532
1361 541
1369 541
1365 547
1359 548
1358 556
1365 555
1372 553
1372 547
1376 548
1376 555
1364 538
1385 612
1380 617
1378 608
1389 606
1384 605
1381 601
1374 605
1369 608
1370 610
1373 613
1374 612
1364 611
1359 609
1362 601
1373 594
1372 589
1364 589
1357 594
1355 606
1353 605
1353 613
1360 614
1347 612
1345 607
1349 599
1330 658
1330 649
1335 643
1343 640
1328 637
1335 634
1340 630
1338 625
1330 629
1333 619
1327 614
1333 610
1236 648
1231 652
1224 655
1219 649
1225 647
1226 650
1232 642
1223 639
1224 631
1218 641
1206 636
1209 646
1208 654
1214 653
1215 646
1201 656
1195 658
1196 652
1204 647
1201 645
1216 636
1111 692
1115 689
1116 682
1120 688
1123 683
1119 679
1124 678
1123 671
1120 669
1117 672
1116 668
1098 694
1090 694
1085 683
1092 679
1091 686
1097 686
1101 691
1103 688
1105 683
1104 678
1086 675
1093 673
1087 669
1090 667
1096 665
1098 670
1103 670
1099 662
1106 660
1093 661
1096 656
1089 655
993 712
997 705
991 700
996 695
1002 702
1003 710
998 716
991 725
988 717
979 731
964 759
954 763
954 774
941 774
938 779
950 770
818 888
825 885
825 875
832 879
831 868
824 865
819 872
814 880
809 870
813 868
816 865
814 864
817 859
802 871
794 870
789 866
791 861
798 864
803 865
800 860
795 860
797 856
802 855
808 860
809 857
811 855
815 848
807 851
811 845
811 842
809 739
809 731
806 732
802 724
807 720
811 724
808 708
801 715
739 789
732 788
736 782
743 787
729 781
726 779
728 773
733 777
737 775
744 778
750 775
750 769
744 771
739 767
733 770
731 764
733 758
738 759
744 760
747 763
750 757
759 755
752 764
752 747
758 746
753 739
761 736
755 732
749 728
746 733
746 740
745 749
743 754
735 752
739 747
731 750
732 745
735 742
731 737
733 729
728 736
739 735
742 741
719 813
725 815
711 810
713 801
718 804
719 796
711 796
710 793
716 792
718 787
713 786
709 783
706 776
710 773
715 770
711 779
714 776
720 777
725 786
723 791
626 795
624 786
631 793
628 781
615 803
613 799
619 793
620 799
613 792
617 786
616 780
618 774
613 774
609 777
606 780
606 785
605 792
612 785
572 786
576 782
574 777
569 771
568 777
568 783
561 780
560 774
562 767
563 759
557 769
551 773
550 766
554 758
549 761
546 755
549 751
538 751
540 762
539 757
541 775
541 771
544 768
552 778
559 763
567 764
549 817
548 810
545 811
542 823
536 818
534 810
521 804
515 803
515 797
519 793
524 798
529 799
527 808
523 808
518 809
519 812
523 812
520 815
521 819
524 817
526 822
524 822
530 850
521 853
522 865
517 863
512 866
515 872
518 868
521 875
518 879
511 876
514 879
489 859
492 854
484 856
486 849
487 843
481 843
477 838
470 840
474 849
479 850
469 845
472 853
479 856
479 859
475 861
480 865
484 864
497 869
489 869
493 864
498 859
479 831
475 827
469 831
485 833
372 820
364 818
367 822
375 812
379 835
375 838
373 834
373 829
317 879
316 874
322 875
322 869
318 867
326 866
327 861
328 856
330 849
323 852
318 853
314 855
313 859
318 862
320 860
338 863
332 868
335 869
334 873
294 856
292 848
287 848
284 849
284 856
289 855
279 848
281 844
278 841
269 848
269 843
267 838
270 837
264 835
267 834
261 833
266 831
1228 626
1225 622
980 712
972 716
969 712
975 711
742 728
527 817
534 824
533 830
525 792
524 789
514 789
528 836
523 845
524 839
516 846
519 843
516 840