1536 545
1532 553
1537 558
1522 558
1520 550
1527 545
1530 539
1519 539
1522 530
1528 532
1516 557
1507 557
1511 549
1516 544
1512 534
1508 538
1502 535
1497 542
1494 545
1504 546
1500 554
1492 554
1501 563
1507 566
1514 572
1508 575
1502 576
1506 572
1500 570
1495 575
1494 585
1486 588
1487 580
1490 570
1495 564
1483 557
1485 550
1478 547
1473 541
1480 536
1485 529
1490 535
1485 543
1493 526
1505 531
1521 567
1521 577
1518 581
1509 585
1505 589
1513 591
1518 586
1514 470
1516 460
1517 453
1514 444
1507 436
1503 443
1496 438
1494 447
1501 453
1501 462
1494 456
1510 463
1505 472
1513 475
1456 504
1454 512
1460 518
1462 510
1447 517
1443 521
1455 519
1406 515
1412 520
1406 523
1402 516
1396 520
1402 528
1400 538
1409 538
1413 538
1401 549
1394 550
1405 544
1407 555
1408 564
1400 560
1399 568
1413 570
1417 561
1406 574
1397 579
1394 586
1401 586
1396 592
1385 587
1389 592
1387 580
1373 585
1376 580
1371 574
1374 571
1377 566
1385 569
1383 560
1391 559
1371 566
1369 561
1371 558
1376 553
1377 545
1386 544
1390 534
1381 536
1369 549
1373 539
1375 530
1370 530
1368 540
1382 528
1390 524
1396 528
1383 552
1394 543
1419 528
1398 599
1404 596
1398 609
1398 618
1390 621
1391 615
1390 608
1390 600
1383 605
1384 617
1376 616
1376 608
1371 610
1373 617
1377 625
1382 629
1381 635
1374 641
1373 634
1374 629
1370 629
1365 631
1367 621
1361 622
1360 628
1358 635
1354 640
1350 636
1351 634
1353 630
1352 624
1368 639
1368 592
1366 597
1369 603
1373 604
1375 592
1383 596
1312 732
1315 725
1307 728
1301 721
1298 726
1297 717
1305 715
1309 721
1315 715
1309 710
1294 712
1299 709
1305 703
1312 703
1318 706
1321 700
1317 693
1309 696
1300 697
1294 702
1295 694
1296 687
1303 690
1310 687
1319 685
1324 687
1319 677
1311 680
1303 685
1291 680
1289 673
1294 668
1297 676
1293 660
1303 657
1303 665
1307 674
1313 673
1311 664
1315 658
1318 666
1323 658
1328 659
1324 664
1326 672
1332 668
1334 663
1330 677
1324 653
1314 653
1308 657
1299 620
1293 612
1303 608
1309 604
1310 613
1309 595
1295 597
1299 593
1309 588
1315 583
1324 578
1315 574
1305 570
1293 579
1309 560
1319 569
1258 660
1266 656
1262 649
1255 644
1254 649
1249 652
1243 654
1252 662
1243 666
1242 659
1236 668
1230 668
1225 673
1221 668
1216 663
1220 658
1231 660
1230 649
1233 645
1235 640
1240 646
1242 644
1238 653
1168 682
1174 685
1168 688
1163 685
1158 683
1160 681
1160 676
1154 674
1152 678
1160 672
1163 668
1167 674
1118 686
1111 693
1108 683
1114 676
1116 681
1119 674
1119 666
1112 669
1122 672
1106 672
1106 663
1114 661
1121 659
1124 654
1115 654
1109 654
1103 653
1104 658
1093 654
1095 661
1094 645
1087 648
1101 641
1104 634
1109 640
1113 634
1117 641
1123 640
1125 647
1121 646
1114 647
1109 646
1080 769
1082 761
1085 755
1075 759
1080 753
1084 746
1078 744
1072 750
1066 746
1071 740
1074 730
1070 724
1067 730
1061 739
1059 732
1061 726
1062 714
1055 717
1047 721
1051 729
1045 730
1047 740
1054 736
1056 746
1061 751
1054 754
1061 759
1067 764
1069 757
1074 764
1074 775
1071 769
1065 771
1064 781
1052 779
1035 772
1040 767
1045 760
1046 749
1040 744
1037 735
1032 743
1029 735
1034 728
1040 725
1043 714
1050 710
1026 752
1018 750
1021 742
1024 746
1009 741
1006 731
1002 736
1005 727
998 731
1000 726
991 725
983 728
980 732
986 739
988 733
996 738
993 744
1004 745
1003 751
1007 752
1010 757
1006 760
1002 764
1001 774
992 775
993 764
995 758
994 751
985 754
982 746
988 762
987 769
986 776
1008 768
1004 779
1015 773
1025 767
1022 776
1016 777
1020 783
1027 782
991 785
989 791
988 799
984 808
971 809
968 802
967 814
992 816
989 821
996 827
995 834
988 837
996 846
982 847
975 846
971 839
973 832
980 829
982 820
972 821
967 826
962 821
953 823
948 826
936 826
942 822
938 815
934 812
926 810
922 813
920 822
928 820
926 829
933 833
938 838
943 832
943 836
943 842
940 854
947 856
948 862
939 862
936 867
932 860
932 854
936 848
926 857
927 850
931 845
931 836
922 843
925 841
922 836
912 839
916 830
909 834
911 825
911 846
917 848
969 734
967 721
971 717
971 709
965 705
957 703
962 697
965 693
955 692
957 686
959 681
966 682
969 691
972 697
984 702
986 713
990 699
985 692
995 695
916 820
917 816
912 816
916 811
943 848
948 848
948 841
922 851
803 830
799 838
803 835
794 834
796 830
792 826
794 821
799 826
799 820
801 814
805 817
811 817
818 818
813 824
816 826
818 823
820 813
815 813
810 804
806 806
807 811
802 809
794 809
790 812
800 803
804 800
801 796
792 797
789 800
784 798
786 790
789 785
781 786
784 780
796 785
795 791
802 783
791 774
785 770
752 810
753 814
758 810
757 804
759 798
752 803
748 798
752 792
747 787
742 792
740 799
743 805
745 809
736 802
733 797
730 797
732 793
736 794
727 801
731 803
732 810
729 810
733 879
737 870
742 879
738 883
723 871
728 862
731 856
735 861
730 851
732 846
727 848
721 852
719 855
721 860
724 854
715 860
712 866
715 852
713 845
714 838
721 840
725 836
711 849
710 856
707 852
709 859
707 862
703 860
703 866
717 876
716 883
705 940
712 945
717 937
711 935
715 931
719 928
715 922
711 927
703 934
700 930
701 927
695 924
692 929
693 936
687 938
682 930
682 923
682 916
687 923
693 919
688 913
686 908
695 912
699 916
703 922
706 911
701 907
693 903
697 896
692 894
698 891
705 902
709 893
714 904
714 913
717 891
726 884
676 869
682 869
682 874
680 877
673 878
671 872
664 868
661 873
657 868
653 873
651 877
649 870
660 942
659 936
651 937
653 942
644 934
647 931
650 928
654 929
657 929
654 921
646 922
644 926
641 930
640 924
642 922
636 917
640 917
646 917
651 917
650 913
648 907
653 901
641 907
634 907
628 913
629 905
625 907
626 902
631 900
637 901
640 897
644 893
646 887
646 884
640 888
635 887
630 891
637 895
649 897
644 903
629 896
633 910
622 909
620 912
622 917
611 916
613 911
616 905
612 900
604 897
607 895
606 903
608 909
602 909
598 911
594 908
597 903
599 907
590 913
591 917
597 919
603 917
605 921
600 925
595 926
592 921
593 932
590 928
595 937
598 933
602 937
606 932
607 926
587 918
589 903
583 907
586 907
584 902
586 896
582 892
585 890
589 887
591 891
592 898
565 964
561 965
561 961
555 962
557 957
565 953
567 958
556 948
549 953
552 952
548 948
543 952
540 948
536 948
529 946
526 942
530 938
527 937
536 941
535 932
529 931
530 924
540 928
538 923
543 932
541 934
549 933
552 940
556 934
557 941
560 930
564 925
565 920
567 918
558 916
557 925
552 926
553 921
551 916
545 917
542 922
546 926
547 921
538 919
546 941
542 941
570 926
572 930
567 932
563 935
562 943
566 947
571 951
556 968
551 967
546 964
547 959
527 1007
522 1004
521 1011
517 1007
515 1002
517 998
524 996
527 1000
532 1001
533 1006
533 995
536 991
526 991
518 990
514 994
513 988
512 985
516 983
514 979
514 975
517 970
520 972
520 978
526 980
532 976
523 982
526 987
525 985
532 984
535 986
538 981
509 899
505 896
512 892
515 889
509 885
512 882
506 885
501 884
501 888
500 892
505 891
499 897
504 903
500 906
496 904
494 901
494 895
491 899
490 892
491 887
496 889
492 882
496 883
498 877
494 872
488 876
488 868
483 867
481 873
485 882
502 872
507 879
507 874
504 866
471 927
470 922
466 923
462 919
460 924
464 928
458 926
453 925
453 920
451 920
450 917
445 915
445 912
447 908
448 907
448 904
452 911
455 902
457 900
459 898
462 903
439 900
432 897
437 895
438 890
436 886
431 884
429 879
432 873
421 886
415 881
417 877
418 885
415 887
420 892
424 893
423 895
427 890
427 899
423 874
424 870
444 873
432 905
437 907
1449 991
1446 992
1443 988
1446 986
1331 1048
1327 1043
1325 1059
1327 1055
1324 1052
1320 1057
1318 1052
1321 1048
1321 1043
1317 1036
1315 1044
1315 1047
1309 1041
1311 1037
1312 1032
1293 1025
1290 1021
1289 1018
1284 1028
1276 1032
1274 1029
1269 1026
1267 1023
1263 1021
1258 1020
1258 1023
1263 1025
1265 1028
1268 1030
1269 1032
1274 1037
1273 1041
1268 1036
1263 1032
1257 1033
1259 1029
1256 1036
1263 1038
1264 1043
1268 1045
1263 1049
1260 1045
1258 1052
1257 1047
1257 1040
1253 1042
1250 1038
1252 1033
1254 1028
1247 1041
1248 1043
1252 1046
1253 1050
1255 1054
1251 1056
1247 1061
1252 1062
1245 1055
1248 1049
1246 1046
1242 1050
1241 1054
1237 1055
1234 1060
1236 1063
1239 1065
1240 1060
1244 1063
1246 1066