1126 776
1132 768
1136 775
1118 781
1130 783
1133 779
1140 783
1136 789
1127 790
1122 798
1115 793
1134 796
1141 795
1138 802
1140 807
1138 812
1135 818
1130 814
1121 813
1116 807
1114 803
1111 806
1110 812
1116 818
1110 821
1104 824
1100 832
1092 830
1087 827
1088 821
1095 818
1101 812
1095 807
1009 794
1015 792
1012 786
1004 788
991 812
984 811
990 824
986 820
979 821
978 811
976 803
972 807
963 796
962 788
955 788
948 788
943 790
940 794
952 796
944 801
948 804
954 802
956 807
963 803
952 812
945 816
943 810
949 819
947 826
953 834
958 828
958 817
962 814
963 818
968 811
972 816
968 824
967 829
968 834
889 800
883 800
887 806
881 806
884 812
797 884
790 886
788 889
781 886
786 881
790 876
781 875
778 880
778 873
774 872
769 877
768 881
761 875
764 871
768 870
749 921
749 917
743 916
748 910
742 908
737 911
717 904
724 904
712 902
716 897
723 895
712 889
714 885
720 881
729 883
728 875
720 876
715 879
722 888
647 890
652 884
645 879
639 886
635 879
642 893
625 861
624 866
630 852
624 847
621 852
617 856
653 937
655 928
661 935
663 927
664 924
661 918
658 920
654 923
648 923
649 916
656 916
648 931
621 928
627 928
613 928
612 921
617 921
624 920
630 920
636 924
637 917
632 914
635 907
629 908
626 903
627 893
624 899
621 892
615 896
618 901
616 890
609 891
607 896
608 906
611 900
614 906
622 908
617 913
608 911
584 937
578 933
584 931
588 929
584 925
578 926
580 943
579 939
575 938
572 931
588 945
563 925
560 921
554 920
549 922
485 941
481 944
477 941
479 938
483 936
480 934
480 930
486 929
488 933
488 938
491 941
465 957
459 956
459 954
464 951
466 947
470 943
464 941
457 944
460 948
467 938
474 935
474 932
480 922
481 918
476 917
476 924
468 916
473 913
454 937
455 929
458 928
459 934
461 932
463 939
472 922
462 924
465 897
462 891
450 891
454 898
452 903
465 902
377 921
380 917
382 910
376 907
371 910
369 906
366 913
372 919
368 925
366 929
370 932
364 922
367 917
376 913
273 949
268 952
141 934
144 933
141 929
144 928
144 925
148 929
141 927
127 929
125 925
130 926
125 921
124 916
123 929
123 932