1296 647
1294 650
1288 648
1292 640
1285 639
1279 634
1280 639
1276 635
1273 640
1277 645
1272 648
1283 652
1276 653
1267 642
1271 634
1273 630
1279 629
1269 625
1269 628
1263 624
1256 629
1259 624
1263 634
1257 639
1263 644
1260 647
1267 657
1275 660
1267 662
1270 667
1264 669
1259 663
1258 654
1267 675
1269 674
1273 672
1274 677
1268 683
1273 694
1271 690
1277 691
1274 685
1282 686
1281 681
1283 678
1277 673
1281 666
1264 652
1284 644
1256 602
1256 595
1261 602
1263 599
1262 592
1255 588
1246 588
1244 590
1242 594
1246 602
1250 597
1250 609
1245 610
1241 606
1237 603
1237 596
1238 611
1232 613
1226 607
1229 600
1226 618
1239 617
1184 601
1194 606
1187 611
1182 608
1176 604
1178 595
1173 599
1172 592
1167 598
1165 590
1161 589
1156 592
1150 591
1154 599
1147 596
1161 597
1156 605
1162 603
1162 608
1168 607
1171 611
1173 617
1179 616
1177 611
1178 623
1170 626
1166 621
1165 629
1164 626
1162 631
1165 633
1174 633
1179 633
1186 634
1191 634
1191 630
1185 626
1180 627
1187 620
1103 595
1107 600
1108 610
1099 617
1092 617
1087 621
1090 630
1091 626
1097 625
1104 626
1106 632
1103 639
1097 638
1091 636
1097 630
1094 604
1094 597
1099 590
1104 588
1095 587
1097 583
1102 582
1103 578
1100 576
1094 570
1088 576
1093 577
1086 582
1087 592
1080 578
1087 601
1081 597
1082 595
1074 589
1078 593
1078 585
1073 582
1063 577
1055 576
1046 573
1043 583
1044 578
1051 582
1050 577
1041 590
1034 587
1039 580
1047 586
1049 593
1055 594
1056 588
1060 585
1063 592
1066 585
1069 595
1072 600
1071 607
1078 603
1071 616
1078 621
1083 626
1079 632
1070 625
1067 631
1069 640
1075 643
1062 635
1056 635
1059 629
1063 623
1065 618
1060 618
1064 615
1058 622
1056 615
1059 611
1066 612
1065 601
1059 605
1060 598
1054 606
1049 603
1070 646
1067 645
1063 647
1060 645
1058 640
1053 641
1055 646
1048 648
1045 639
1040 645
1038 637
1034 644
1032 648
1037 651
1042 652
1044 658
1045 656
1051 656
1056 654
1059 660
1062 664
1065 661
1056 666
1059 673
1049 663
1046 666
1053 669
1047 671
1049 674
1049 670
1054 676
1046 677
1052 682
1047 685
1039 684
1036 678
1039 671
1038 664
1031 663
1031 657
1026 658
1025 653
1025 663
957 611
960 621
966 617
967 608
972 606
972 598
980 602
989 603
993 609
988 614
981 609
977 613
975 621
982 619
971 625
965 625
981 626
972 630
980 630
988 624
993 624
999 617
993 618
988 633
984 635
978 635
981 641
972 637
974 647
976 650
979 645
982 647
988 645
991 640
996 635
996 647
992 652
998 652
998 659
992 659
997 665
981 655
979 660
983 662
985 658
990 666
986 672
991 672
980 665
992 681
976 676
973 669
969 664
967 669
961 667
959 673
969 679
978 689
974 687
981 679
986 685
990 689
993 691
998 691
989 696
989 701
981 695
976 700
973 704
973 714
977 714
982 709
980 705
986 706
992 708
989 714
989 719
994 716
983 718
975 718
970 698
974 693
969 692
961 682
955 681
950 681
944 686
950 686
950 694
954 699
951 708
943 705
945 710
946 699
939 690
937 697
935 703
937 710
936 719
929 721
931 716
929 727
925 725
936 726
926 730
924 736
933 733
939 734
921 716
912 716
915 710
921 708
926 713
926 711
929 705
925 702
928 692
927 686
921 689
937 678
938 674
933 670
926 673
925 667
926 680
920 672
909 671
914 665
914 676
918 681
914 686
909 688
914 691
910 694
913 697
920 694
919 700
912 704
909 699
904 704
922 721
772 773
780 771
780 765
773 765
770 759
775 757
779 754
776 748
773 745
772 742
771 737
776 731
771 728
785 743
777 702
777 697
777 688
771 686
771 682
762 678
771 693
772 699
766 684
765 736
765 731
758 728
759 736
760 743
755 747
750 738
744 735
751 733
674 736
671 726
659 737
667 735
663 734
661 729
656 726
654 720
649 711
665 716
658 713
569 713
582 709
577 718
557 714
560 723
566 726
569 723
572 729
568 735
559 734
563 741
566 749
572 746
578 739
582 735
578 729
581 789
582 795
585 800
579 798
573 793
570 787
574 788
572 784
566 786
565 788
561 785
558 790
560 799
564 793
563 805
569 802
574 805
577 808
581 806
582 808
577 813
571 809
566 811
560 810
561 817
568 816
562 823
567 822
580 819
583 816
588 812
590 810
543 813
535 817
536 823
540 824
539 830
534 832
531 828
529 822
522 816
518 813
513 817
509 815
508 810
508 805
513 805
514 810
521 808
521 803
527 800
526 794
518 798
522 793
526 791
526 786
522 788
514 790
517 784
521 782
524 777
510 778
507 771
500 769
496 773
499 774
503 775
493 779
497 780
499 786
505 784
509 793
503 789
513 795
479 757
475 765
479 768
469 773
462 770
456 769
456 774
449 770
447 762
460 759
462 779
472 781
477 777
467 785
460 783
467 793
460 794
458 788
467 800
479 799
459 817
453 814
455 809
447 809
440 807
440 815
447 819
453 820
453 826
458 828
447 831
446 825
442 831
439 836
436 830
438 826
440 822
414 761
420 762
408 763
408 757
403 760
399 762
401 769
403 766
411 769
406 771
408 777
417 777
423 773
424 782
432 782
416 783
416 789
412 833
412 839
415 843
412 847
406 848
400 840
402 834
408 840
401 825
394 826
397 827
397 833
395 840
392 832
389 823
392 820