1550 664
1548 670
1545 657
1556 667
1554 670
1562 669
1561 664
1559 660
1558 657
1567 667
1564 661
1551 672
1549 679
1545 673
1545 676
1539 677
1541 668
1541 664
1536 662
1530 663
1535 669
1533 674
1537 684
1544 683
1547 686
1533 687
1536 689
1529 677
1528 667
1523 667
1517 669
1523 682
1516 684
1512 674
1521 690
1524 690
1517 693
1512 694
1511 687
1510 686
1503 682
1500 677
1505 691
1507 699
1502 702
1506 711
1498 707
1498 714
1503 719
1499 724
1490 723
1489 715
1490 708
1489 698
1490 690
1498 689
1494 681
1487 685
1479 681
1484 674
1475 675
1470 680
1464 678
1467 672
1471 665
1480 667
1485 664
1478 659
1470 658
1460 660
1476 653
1484 654
1477 644
1469 647
1463 651
1462 644
1471 637
1480 635
1486 639
1487 631
1485 624
1477 627
1470 630
1461 635
1456 642
1455 631
1450 623
1451 615
1456 616
1458 610
1465 612
1465 619
1472 620
1476 619
1464 628
1434 569
1427 573
1425 579
1420 586
1415 578
1418 573
1420 566
1411 566
1418 561
1426 561
1428 564
1433 561
1422 554
1417 556
1410 555
1409 548
1403 553
1400 559
1401 546
1187 652
1190 659
1194 653
1196 658
1194 668
1192 675
1184 677
1181 684
1187 671
1183 665
1182 659
1207 721
1213 718
1219 719
1210 727
1213 730
1216 726
1206 732
1207 740
1207 748
1212 739
1219 737
1213 748
1213 745
1218 742
1220 743
1226 739
1229 744
1233 740
1238 743
1242 749
1237 752
1233 757
1226 753
1220 752
1207 753
1210 757
1197 729
1195 750
1193 761
1196 766
1193 768
1195 772
1198 778
1207 774
1211 769
1209 763
1200 767
1199 760
1194 737
1190 730
1130 786
1131 778
1136 775
1122 784
1124 777
1127 772
1126 764
1119 768
1120 762
1113 770
1117 777
1113 783
1107 780
1099 778
1105 775
1104 767
1098 770
1094 769
1103 760
1096 753
1100 755
1102 747
1106 754
1111 750
1115 756
1126 756
1121 747
1112 764
1052 787
1053 781
1047 784
1039 787
1033 781
1041 778
1047 776
1042 771
1036 774
1037 766
1045 764
1052 767
1058 773
1061 766
1062 757
1054 756
1048 760
1039 758
1042 758
1032 759
1035 755
1039 753
1043 744
1045 753
1048 749
1051 741
1061 741
1057 750
1063 749
1042 738
1045 735
1014 782
1010 785
1007 786
1007 778
1002 784
998 778
1004 773
1008 769
998 770
991 763
996 756
1001 749
1002 756
1011 753
1012 762
1009 739
997 739
998 731
996 725
988 729
985 735
972 742
969 737
973 734
975 758
977 755
971 764
977 765
978 772
970 771
977 782
974 780
968 788
972 786
969 793
976 796
977 790
983 794
967 774
966 759
969 754
963 751
909 787
911 784
909 777
903 773
902 786
903 784
894 785
892 781
893 793
890 788
889 769
886 764
882 769
874 765
876 763
884 785
876 786
873 791
880 799
876 805
874 802
883 809
884 803
889 805
888 797
892 800
893 806
897 803
891 816
889 810
884 814
885 819
889 822
897 817
855 809
851 818
865 814
864 821
859 827
857 832
850 832
847 828
845 829
843 824
874 829
869 838
868 842
873 846
876 842
862 839
866 849
866 855
860 860
862 867
868 862
874 858
861 849
856 842
856 837
850 841
846 847
842 837
841 842
834 838
837 832
830 841
824 840
801 929
804 927
805 925
806 922
802 921
805 917
794 926
792 920
796 917
798 916
802 911
807 908
803 902
799 905
799 900
804 894
794 904
789 903
787 902
794 898
802 888
788 884
793 878
781 884
785 877
790 873
782 870
786 864
774 872
777 862
775 879
779 875
756 848
751 838
753 832
758 830
748 828
743 833
738 830
740 828
732 825
727 825
728 829
731 832
726 839
735 839
734 850
734 845
740 847
740 853
744 852
746 846
747 858
744 859
751 849
755 853
726 937
732 940
733 936
737 936
737 928
731 925
734 922
733 918
728 931
726 925
718 923
719 916
727 920
726 915
727 910
722 910
718 910
713 914
711 907
714 904
718 905
727 904
731 901
726 896
718 898
710 913
708 861
702 864
700 857
703 851
705 854
709 849
713 847
711 843
708 845
703 839
706 835
696 839
687 838
693 844
688 844
697 828
695 832
690 830
691 824
696 822
702 825
702 830
700 818
697 813
702 810
694 810
692 816
688 810
687 816
683 812
685 806
690 802
691 796
668 824
666 810
668 814
664 818
657 833
651 839
650 836
646 840
645 834
652 828
650 822
644 826
645 819
636 832
636 827
637 821
639 815
643 813
642 807
637 810
633 816
631 823
619 821
624 818
624 812
625 806
632 807
634 802
641 801
628 801
622 801
617 806
618 815
611 818
608 813
612 810
609 803
615 799
614 792
620 788
626 794
629 792
619 796
617 783
604 890
599 897
600 889
595 894
602 903
604 907
603 913
603 915
601 917
602 922
594 914
597 909
595 907
577 935
571 932
568 935
565 929
562 925
566 922
571 925
576 927
578 921
582 918
570 919
565 916
570 911
577 914
577 907
571 900
489 870
493 863
483 868
477 862
485 856
487 855
465 881
467 876
472 871
476 871
474 868
470 867
470 863
464 865
466 867
464 871
460 869
413 888
409 893
414 892
417 887
406 888
408 882
405 880
402 886
874 736
875 745
877 752
867 746
863 745
865 738