1540 610
1534 615
1531 613
1529 609
1535 606
1531 602
1527 604
1528 599
1526 597
1530 592
1534 596
1522 592
1521 602
1518 597
1511 596
1513 603
1517 610
1523 618
1524 627
1516 632
1509 621
1509 614
1503 618
1504 628
1499 623
1505 606
1500 610
1496 602
1500 596
1488 590
1495 591
1482 595
1474 596
1480 587
1485 579
1475 577
1475 572
1463 573
1459 574
1455 584
1467 587
1473 590
1486 653
1485 658
1478 658
1482 654
1471 656
1476 651
1474 647
1466 650
1469 663
1472 669
1478 666
1464 668
1464 656
1466 659
1461 660
1460 651
1455 650
1457 656
1447 648
1452 641
1442 644
1437 647
1438 653
1434 652
1434 660
1431 660
1438 663
1442 660
1450 655
1455 661
1448 663
1452 667
1447 671
1457 673
1464 681
1469 676
1473 680
1469 685
1464 690
1471 692
1469 699
1474 699
1473 707
1468 706
1462 711
1457 708
1461 704
1461 698
1455 704
1452 701
1455 694
1459 685
1452 681
1449 689
1449 696
1444 684
1446 679
1442 674
1438 673
1439 668
1432 667
1440 683
1443 689
1436 689
1433 679
1434 700
1436 698
1435 706
1433 712
1427 713
1428 708
1430 709
1432 719
1423 718
1086 703
1080 697
1071 694
1065 705
1059 703
1063 714
1074 709
1072 716
1082 711
1090 715
1081 720
1129 772
1122 772
1121 783
1112 778
1117 775
1109 789
1110 784
1120 793
1129 789
1134 788
1137 783
1133 780
1141 781
1144 778
1140 776
1137 775
1140 791
1148 790
1124 814
1127 819
1122 821
1129 811
1129 808
1123 806
1116 809
1115 814
1118 801
1112 803
1108 797
1107 807
1105 815
1097 812
1100 804
1085 811
1080 819
1075 825
1070 829
1070 817
1066 817
1076 809
1329 710
1324 714
1327 706
1327 702
1322 703
1322 707
1318 711
1318 706
1316 711
864 890
859 893
854 896
855 890
868 885
861 886
860 901
855 903
857 909
860 904
850 907
848 901
843 896
846 891
840 889
836 892
840 882
826 887
825 880
820 886
821 873
824 871
835 874
819 894
811 892
808 890
812 883
806 886
803 882
808 879
811 875
815 869
819 864
815 862
817 857
823 857
809 866
805 860
811 852
801 866
805 873
799 876
795 884
793 879
788 873
793 872
796 867
803 856
797 856
795 860
799 860
792 863
786 865
779 862
776 858
782 858
787 851
782 851
784 845
790 843
791 848
795 847
796 840
786 840
781 844
774 840
770 842
767 840
774 846
770 849
767 846
761 850
768 856
763 860
762 855
773 862
807 841
809 837
815 841
817 835
823 836
821 832
818 826
811 829
804 832
801 836
805 826
799 823
799 827
800 818
807 821
812 821
817 821
823 823
828 827
831 820
829 817
821 817
823 813
816 813
816 816
809 814
797 809
802 813
803 808
805 802
810 806
811 800
818 804
829 806
832 799
841 799
836 806
837 792
830 792
825 797
819 796
826 787
820 782
815 790
812 784
809 790
803 795
795 798
797 801
798 788
793 785
799 780
803 785
805 779
813 775
813 768
802 773
781 829
774 832
769 827
774 821
781 822
778 814
766 819
766 833
704 849
700 846
702 840
709 841
709 833
701 832
702 825
708 827
706 819
699 818
701 814
696 824
693 830
693 837
693 845
688 839
685 826
678 830
674 832
675 821
675 816
680 816
683 820
689 812
690 819
694 807
701 807
707 810
715 809
712 803
705 800
699 798
696 801
698 792
703 789
707 791
710 793
716 789
719 798
689 795
694 786
688 789
684 786
683 793
677 787
675 791
674 797
679 801
683 801
680 807
677 806
688 806
687 854
683 851
680 844
674 848
673 842
669 837
662 836
661 840
667 843
664 849
670 851
673 854
676 857
669 854
663 857
655 847
654 844
657 840
653 840
649 844
644 852
647 855
652 853
655 859
658 856
654 865
656 868
650 862
647 866
650 871
658 872
662 868
664 863
665 866
653 877
665 877
671 873
664 828
669 827
666 821
663 823
659 827
693 913
697 909
697 903
701 902
698 897
686 905
688 908
685 900
690 900
690 896
644 901
649 897
648 901
644 893
649 890
649 881
644 887
639 889
633 889
636 895
636 899
640 895
631 884
635 879
640 881
644 875
638 874
633 873
628 878
628 872
632 866
638 862
640 870
636 857
631 861
635 850
632 855
629 850
633 842
632 840
639 837
628 832
623 836
621 831
618 827
614 832
623 824
619 819
612 820
610 827
608 873
604 868
597 867
592 867
591 876
585 868
586 859
592 858
587 855
589 852
585 849
580 855
586 882
591 880
596 874
585 872
581 883
576 886
576 878
571 879
570 873
566 879
566 884
562 884
564 889
565 894
559 895
557 899
552 893
557 888
551 885
555 880
559 878
563 873
567 867
574 865
573 861
568 856
564 863
559 867
556 870
553 873
550 878
554 864
559 859
550 867
547 856
550 851
549 846
545 841
544 835
538 831
539 838
534 841
534 837
534 829
550 835
554 839
555 833
553 830
562 837
567 847
562 848
559 846
556 851
577 847
580 845
337 955