1519 605
1520 599
1514 599
1509 592
1504 596
1499 595
1493 594
1488 588
1482 586
1496 587
1484 595
1493 599
1493 605
1500 602
1506 601
1509 605
1512 605
1515 604
1511 611
1505 612
1503 608
1497 611
1499 612
1498 617
1500 622
1507 619
1510 617
1515 614
1500 627
1506 630
1514 631
1510 627
1513 623
1516 625
1554 610
1554 604
1547 604
1559 606
1561 611
1566 610
1563 604
1572 604
1567 598
1573 597
1570 593
1565 593
1559 595
1553 598
1548 613
1442 588
1444 583
1442 578
1436 574
1431 574
1433 568
1438 570
1436 582
1439 594
1434 590
1431 585
1427 582
1422 576
1428 566
1426 573
1421 565
1414 563
1409 569
1405 565
1402 569
1397 565
1402 561
1406 573
1401 576
1395 575
1388 575
1392 582
1395 581
1406 581
1413 582
1413 574
1417 572
1417 585
1422 589
1409 587
1403 590
1410 594
1416 591
1430 593
1426 597
1420 600
1414 598
1411 602
1405 601
1408 606
1407 613
1412 609
1416 606
1421 605
1426 603
1425 610
1420 616
1414 615
1416 622
1425 619
1408 621
1433 607
1439 603
1443 602
1433 602
1439 608
1444 608
1434 612
1430 615
1430 622
1436 617
1430 628
1424 625
1425 631
1397 672
1390 671
1385 665
1396 665
1397 660
1402 664
1402 654
1402 648
1394 653
1389 658
1383 653
1391 649
1382 648
1389 644
1396 645
1395 637
1389 639
1396 631
1387 630
1380 636
1376 643
1383 642
1372 639
1342 657
1345 652
1336 653
1335 644
1341 646
1337 639
1344 640
1349 643
1349 636
1353 630
1347 630
1341 633
1334 633
1332 638
1335 628
1343 625
1351 623
1356 619
1350 615
1345 618
1341 615
1336 619
1331 623
1331 613
1333 609
1329 598
1334 603
1339 604
1341 595
1344 593
1345 601
1350 597
1354 594
1344 610
1348 607
1355 607
1346 678
1342 677
1341 667
1337 675
1338 684
1339 690
1336 694
1342 700
1336 702
1330 705
1331 699
1326 699
1325 690
1328 684
1332 690
1325 675
1322 679
1318 685
1315 676
1319 672
1325 666
1325 670
1324 663
1318 666
1319 655
1308 660
1303 664
1306 667
1305 677
1308 682
1303 683
1306 692
1299 689
1291 695
1285 698
1277 696
1282 692
1289 689
1292 683
1294 687
1292 676
1291 669
1283 670
1286 675
1285 681
1280 683
1276 686
1274 688
1271 678
1279 678
1277 672
1270 670
1275 667
1281 662
1275 658
1272 653
1267 652
1269 659
1265 659
1271 665
1280 654
1288 662
1268 697
1270 703
1275 706
1264 709
1269 712
1264 717
1268 720
1275 719
1277 713
1281 710
1285 716
1117 746
1107 746
1112 741
1108 739
1118 735
1115 730
1123 734
1112 719
1121 724
1106 720
1101 723
1094 724
1095 718
1095 710
1100 708
1090 728
1085 720
1087 712
1079 716
1078 723
1073 721
1075 704
1071 695
1066 689
1071 682
1074 689
1060 683
1054 690
1059 697
1064 705
1059 708
1050 708
1056 714
1051 718
1044 711
1047 721
1044 730
1049 727
1054 732
1055 724
1059 720
1065 716
1068 711
1070 714
1080 708
1083 736
1007 703
1009 710
1005 719
994 711
991 702
1000 706
986 692
1002 698
887 737
882 731
888 729
876 725
883 722
892 721
883 716
896 712
889 708
895 701
884 699
891 694
899 696
899 688
879 696
877 706
873 714
874 719
883 707
886 781
879 779
873 775
872 768
880 771
868 776
865 768
858 765
856 771
853 770
856 780
862 787
868 784
876 786
871 792
875 797
880 793
866 806
866 800
858 806
859 800
853 801
853 795
858 791
864 794
814 819
818 814
810 813
806 816
809 806
816 809
815 800
823 798
804 797
804 790
797 794
791 797
787 791
789 784
796 785
801 778
804 773
810 771
813 776
808 778
797 768
795 780
788 779
783 776
789 772
780 771
784 768
788 764
790 760
792 754
795 759
794 764
800 763
787 752
787 747
783 751
774 754
780 757
775 764
779 764
803 799
746 779
737 778
728 776
733 771
741 771
729 763
740 766
742 761
734 758
740 755
747 757
748 747
732 748
735 743
740 747
738 732
752 739
753 744
731 730
724 744
694 755
688 754
687 758
686 764
679 766
677 775
672 775
672 769
673 761
675 756
680 757
682 751
674 751
678 742
681 733
689 736
690 746
673 736
671 742
667 752
666 741
662 739
662 733
669 727
665 761
659 756
665 766
666 770
720 799
715 795
717 790
710 789
705 783
704 786
703 794
708 799
714 802
717 804
706 806
706 813
700 813
695 807
701 802
669 796
664 800
653 831
658 829
647 821
647 815
659 819
636 824
640 819
641 815
637 809
633 801
626 805
625 798
621 798
621 804
618 811
622 817
629 813
632 818
628 825
631 831
628 834
622 834
621 827
616 828
616 821
617 789
622 786
628 788
610 771
624 781
623 776
615 780
603 823
599 829
593 825
584 826
567 816
574 816
572 821
562 812
565 801
572 806
573 769
565 768
568 762
554 767
548 765
548 758
554 762
487 815
480 809
477 815
468 814
468 807
474 807
445 823
449 820
443 817
450 813
439 813
446 808
451 803
456 805
456 812
461 809
460 801
464 797
462 793
472 793
468 791
467 787
470 782
470 780
466 776
458 781
456 789
462 787
455 783
446 795
447 787
451 779
452 772
459 774
461 765
452 765
455 759
469 769
443 782
439 788
345 857