1538 630
1543 632
1536 637
1538 644
1527 647
1524 637
1527 631
1531 628
1524 625
1527 621
1532 618
1534 613
1534 606
1524 609
1527 602
1528 595
1522 599
1521 595
1523 587
1514 585
1519 580
1516 575
1503 577
1510 577
1501 588
1508 584
1508 588
1508 596
1499 595
1496 601
1504 596
1503 602
1512 601
1515 596
1506 607
1502 609
1495 610
1490 607
1490 602
1488 612
1487 619
1493 616
1495 623
1501 617
1502 621
1506 615
1511 612
1518 613
1516 619
1511 620
1524 618
1518 628
1520 635
1512 630
1508 631
1504 636
1499 632
1502 627
1505 625
1492 628
1486 629
1484 628
1484 624
1493 633
1451 678
1446 670
1452 672
1450 664
1441 661
1447 657
1446 646
1439 676
1443 685
1447 683
1435 670
1427 667
1433 663
1428 658
1423 659
1421 653
1416 648
1415 657
1421 662
1423 667
1429 674
1431 683
1426 684
1432 689
1438 690
1435 695
1424 690
1421 679
1414 680
1418 671
1414 664
1408 664
1404 659
1408 652
1402 648
1400 654
1394 650
1389 654
1392 658
1397 658
1399 665
1393 664
1393 668
1403 669
1411 671
1405 676
1410 683
1415 687
1411 691
1404 684
1404 693
1400 696
1402 701
1394 700
1392 695
1397 689
1387 688
1392 683
1388 676
1399 679
1396 675
1390 645
1384 647
1388 639
1383 635
1385 625
1391 626
1401 639
1403 642
1403 718
1397 722
1401 728
1395 731
1392 728
1390 718
1394 716
1388 712
1384 717
1384 723
1378 726
1379 720
1373 723
1374 717
1379 711
1386 702
1387 705
1377 702
1389 736
1403 727
1321 769
1318 772
1315 766
1313 760
1317 758
1310 756
1301 761
1306 765
1303 768
1308 773
1312 774
1317 778
1320 783
1315 784
1310 780
1302 777
1298 772
1293 767
1293 776
1294 781
1300 785
1293 789
1285 787
1282 791
1286 794
1280 784
1279 779
1287 779
1285 773
1251 707
1256 702
1263 698
1258 692
1254 694
1251 696
1246 702
1241 701
1239 693
1245 695
1249 690
1246 686
1255 686
1265 685
1264 676
1256 680
1255 676
1249 678
1242 677
1245 673
1251 668
1259 668
1256 662
1248 658
1246 664
1241 682
1237 641
1230 636
1231 629
1221 628
1213 632
1210 625
1217 624
1206 632
1205 643
1210 638
1220 637
1217 645
1224 643
1229 642
1222 650
1218 654
1212 649
1209 644
1212 654
1216 663
1226 653
1230 650
1231 655
1229 661
1223 659
1224 665
1237 661
1237 668
1231 668
1227 673
1235 673
1231 679
1234 683
1230 688
1232 693
1239 689
1224 693
1225 696
1220 688
1224 684
1219 679
1216 672
1220 671
1215 669
1214 666
1214 681
1165 702
1160 706
1154 698
1161 694
1157 690
1151 686
1143 691
1149 696
1139 701
1146 705
1152 704
1152 708
1145 710
1137 708
1137 716
1145 716
1142 721
1150 718
1152 719
1157 713
1158 678
1116 735
1124 735
1123 727
1114 725
1117 722
1108 727
1110 740
1108 733
1105 743
1113 747
1108 750
1104 750
1096 747
1099 740
1092 743
1092 734
1094 727
1092 720
1093 711
1085 713
1082 729
1074 724
1082 723
1086 742
1079 742
1079 752
1071 751
1065 744
1067 737
1074 739
1074 733
1068 729
1067 719
1067 713
1075 709
1077 704
1069 702
1069 694
1073 695
1066 686
1071 687
1064 682
1061 681
1062 687
1062 694
1062 700
1057 693
1056 688
1055 683
1054 697
1058 707
1065 707
1060 716
1053 716
1055 709
1049 706
1045 711
1040 705
1036 700
1029 705
1027 700
1017 702
1019 711
1023 706
1026 714
1034 710
1032 717
1038 718
1045 720
1052 724
1057 723
1046 730
1046 738
1045 743
1052 741
1053 747
1045 749
1038 742
1035 736
1030 742
1034 729
1027 723
1024 731
1028 738
1029 746
1036 748
1033 752
1029 753
1031 762
1029 757
1036 758
1040 754
1039 762
1043 759
1049 760
1045 764
1050 754
1058 746
1022 748
1035 722
1065 729
1057 733
1065 662
1060 657
1063 650
1052 653
1051 658
1041 657
1044 650
1044 641
952 694
947 684
937 688
932 690
925 693
918 694
923 683
924 677
929 672
938 674
946 672
949 769
944 765
937 764
934 766
931 761
938 772
935 778
920 784
911 784
906 786
915 778
924 776
912 770
908 765
903 765
903 757
908 757
903 748
899 748
893 751
896 758
898 753
891 758
888 765
895 765
898 772
902 774
899 781
890 783
892 776
887 775
890 770
883 771
880 778
876 774
870 779
867 786
873 787
876 784
879 792
884 785
896 785
918 790
937 668
928 700
809 813
804 816
803 824
796 822
797 811
791 810
787 814
790 817
783 814
783 808
775 811
778 817
782 823
781 828
772 828
774 823
767 822
767 814
771 816
763 816
769 808
775 805
767 800
774 798
766 792
775 792
781 795
782 803
780 802
788 793
792 791
795 792
794 786
785 787
783 792
780 790
774 786
778 784
771 785
773 778
777 772
782 780
790 774
790 778
795 780
785 776
804 781
788 798
787 805
770 775
766 832
763 827
813 637
806 635
811 628
805 624
801 628
796 625
792 629
788 633
784 638
792 638
797 634
797 644
805 644
811 647
818 645
818 651
813 655
811 661
803 660
805 654
799 654
790 653
790 646
785 646
780 650
784 655
784 666
790 664
797 661
803 666
809 669
804 674
796 678
797 669
791 672
787 681
784 686
789 692
787 696
798 693
804 683
795 685
785 677
818 674
810 680
773 873
777 878
778 883
770 885
767 881
769 879
760 879
763 875
757 872
762 871
764 864
770 867
762 885
752 883
745 880
742 876
738 877
736 883
749 878
747 889
742 892
740 887
735 891
732 895
737 901
739 905
744 899
748 897
750 902
756 901
750 907
744 910
738 915
744 917
750 917
755 911
756 919
757 924
754 929
757 932
748 934
743 931
747 923
741 922
740 926
701 852
692 856
689 847
683 851
679 848
677 857
672 864
666 859
666 865
668 870
677 869
680 864
684 859
691 862
700 862
700 871
695 870
690 875
696 878
685 869
681 876
674 876
676 881
686 881
692 884
695 890
693 894
689 898
688 889
685 893
681 885
680 895
683 900
680 905
681 909
683 915
679 920
686 922
690 914
696 909
694 902
689 904
699 897
677 901
676 907
677 913
693 922
697 916
677 888
673 886
627 947
621 952
623 948
615 949
614 945
620 942
620 934
614 938
609 944
607 937
611 932
626 935
615 927
601 944
605 948
600 950
597 952
595 946
592 942
601 937
629 957
620 958
612 954
570 973
570 967
564 964
563 973
559 977
557 969
558 961
552 962
552 956
546 955
546 950
538 952
534 955
533 962
539 963
539 957
546 963
542 968
545 972
537 972
538 967
541 975
539 980
534 979
533 986
537 986
544 984
548 981
554 982
552 973
546 978
551 988
556 988
545 989
539 991
535 995
533 991
537 1005
538 999
543 995
546 1004
550 996
555 996
517 864
515 859
508 865
503 860
507 856
512 854
510 848
515 845
518 844
521 838
515 833
508 834
510 840
503 843
502 838
502 851
498 844
495 840
494 834
499 832
505 828
511 824
517 827
522 823
521 816
515 820
514 811
514 801
507 807
501 801
504 816
509 818
507 812
500 809
496 816
501 822
493 828
494 822
496 810
494 806
498 828
503 873
497 870
493 866
489 861
484 864
488 870
486 876
482 874
482 882
493 880
494 875
487 888
491 893
499 891
448 813
440 811
440 819
433 819
429 825
424 819
424 827
434 830
440 824
447 830
448 832
447 837
439 835
444 841
431 836
407 857