1572 573
1564 572
1568 579
1562 584
1570 584
1558 578
1556 575
1560 569
1560 561
1565 562
1565 554
1564 546
1568 546
1565 541
1572 556
1550 549
1543 553
1540 557
1547 563
1529 556
1531 548
1536 551
1523 557
1524 550
1525 548
1531 565
1527 569
1521 570
1538 573
1534 571
1540 577
1544 582
1547 581
1542 586
1547 584
1542 589
1538 592
1540 597
1544 599
1552 597
1549 592
1553 603
1550 610
1546 608
1547 605
1537 603
1533 598
1529 595
1534 592
1535 588
1533 584
1530 588
1529 580
1525 583
1520 579
1515 584
1515 591
1518 591
1524 590
1508 578
1504 572
1508 566
1510 569
1495 569
1488 572
1491 580
1497 582
1500 582
1506 594
1501 602
1501 608
1507 602
1514 599
1512 606
1507 612
1519 604
1524 607
1531 606
1528 612
1536 614
1536 620
1526 623
1530 627
1525 632
1468 586
1477 591
1483 598
1479 605
1486 679
1474 685
1476 691
1481 688
1482 696
1487 699
1387 627
1385 625
1388 620
1383 618
1379 623
1378 615
1383 611
1378 610
1386 616
1391 614
1390 604
1389 600
1387 597
1381 602
1359 603
1366 599
1369 595
1371 588
1368 585
1362 580
1361 587
1356 589
1350 592
1362 593
1335 619
1331 613
1327 607
1322 604
1318 609
1320 614
1314 614
1315 622
1322 619
1326 624
1330 635
1331 627
1322 634
1321 641
1316 637
1312 646
1305 647
1307 638
1303 643
1296 642
1292 651
1310 633
1315 629
1319 625
1311 619
1305 621
1306 617
1302 616
1294 616
1287 615
1283 619
1289 625
1293 625
1301 624
1300 630
1294 632
1289 633
1284 634
1284 627
1280 635
1278 622
1244 636
1237 634
1241 630
1233 626
1238 641
1194 615
1196 607
1202 620
1210 614
1210 603
1207 594
1213 619
1207 625
1165 633
1158 638
1162 644
1164 652
1171 641
1180 639
1173 653
1181 645
1181 650
1188 647
1182 655
1178 657
1170 664
1180 666
1186 661
1192 657
1193 663
1197 668
1189 670
1187 676
1194 675
1194 680
1199 679
1181 684
1182 676
1178 677
1173 673
1165 672
1165 676
1170 682
1175 683
1190 688
1153 705
1158 701
1159 697
1147 697
1150 692
1142 691
1138 696
1131 698
1139 704
1137 711
1145 713
1145 704
1116 672
1110 679
1116 685
1123 682
1125 674
1128 679
1130 684
1095 702
1100 702
1097 709
1102 711
1107 713
1105 717
1099 715
1094 718
1096 728
1101 721
1107 731
1111 725
1116 722
1117 725
1120 736
1114 735
1123 729
1123 725
697 725
702 724
705 717
704 710
708 711
695 705
688 699
691 710
695 712
695 718
691 719
688 721
683 710
682 703
676 708
673 700
677 702
665 711
670 712
674 714
675 716
682 713
677 722
669 724
661 717
664 720
640 720
641 716
644 709
577 683
573 688
575 692
576 698
578 700
570 698
568 703
561 698
556 706
564 708
559 713
529 704
527 701
525 699
533 702
535 699
528 708
532 709
534 708
525 711
527 712
530 715
535 713
536 708