1523 582
1516 584
1515 577
1512 575
1509 577
1505 576
1509 585
1502 589
1501 583
1495 577
1498 572
1492 568
1486 575
1489 578
1493 584
1490 591
1497 592
1482 591
1485 597
1475 593
1474 588
1479 582
1480 587
1484 582
1414 598
1408 603
1400 603
1404 609
1397 608
1392 612
1397 614
1379 607
1374 604
1378 602
1380 590
1385 588
1386 580
1379 582
1372 583
1365 583
1358 581
1353 579
1349 575
1354 568
1364 571
1375 570
1370 577
1381 573
1385 575
1385 564
1379 565
1380 559
1374 560
1367 563
1358 559
1362 555
1373 552
1373 545
1365 545
1360 548
1365 681
1367 672
1368 667
1364 663
1360 671
1358 679
1354 683
1349 678
1346 683
1341 690
1339 688
1331 682
1340 675
1347 669
1353 668
1358 661
1353 656
1357 652
1360 655
1349 662
1340 665
1345 657
1350 651
1348 643
1352 640
1344 638
1342 646
1338 650
1336 639
1340 637
1337 632
1345 625
1343 619
1330 625
1338 621
1330 636
1326 632
1321 639
1319 644
1315 648
1323 653
1317 655
1329 645
1331 655
1330 659
1325 659
1337 657
1336 665
1338 700
1339 695
1334 696
1331 701
1327 695
1329 692
1320 694
1320 674
1313 683
1311 702
1306 694
1312 696
1317 706
1314 710
1322 705
1326 710
1321 710
1301 666
1304 662
1297 663
1297 656
1293 659
1291 654
1286 657
1284 653
1284 649
1280 649
1275 645
1269 652
1273 637
1266 638
1269 633
1280 635
1282 641
1260 639
1264 644
1260 650
1256 646
1252 642
1258 659
1256 666
1264 667
1272 665
1278 663
1278 670
1276 678
1284 675
1284 685
1276 687
1266 689
1268 681
1269 673
1262 676
1287 670
1250 757
1248 766
1244 764
1243 770
1235 768
1238 772
1233 758
1237 752
1241 759
1244 749
1249 743
1257 748
1254 736
1248 731
1243 727
1244 740
1238 742
1230 745
1226 738
1222 735
1219 741
1213 731
1218 726
1232 729
1232 735
1237 725
1234 721
1236 718
1234 715
1229 714
1229 721
1209 728
1213 717
1203 708
1199 719
1200 725
1195 710
1192 714
1186 708
1186 704
1189 703
1189 696
1198 703
1201 698
1205 792
1190 792
1204 787
1206 782
1203 779
1197 785
1197 777
1189 783
1191 777
1182 787
1183 778
1177 780
1197 793
1193 797
1196 803
1184 772
1187 773
1177 775
1174 775
1173 769
1177 768
1182 763
1191 766
1195 770
1201 771
1200 764
1198 760
1191 758
1180 753
1173 759
1167 755
1176 750
1186 749
1188 748
1194 753
1198 748
1200 754
1200 737
1189 740
1193 732
1182 732
1183 742
1176 744
1168 744
1162 790
1157 789
1156 782
1161 780
1167 786
1168 787
1168 775
1158 773
1166 770
1166 763
1033 756
1033 757
1028 761
1026 756
1022 759
1019 763
1022 766
1017 770
1016 761
1019 756
1021 750
1027 750
1030 746
1023 741
1023 737
1031 739
1035 745
1031 733
1028 735
1022 730
1017 736
1017 744
1016 749
1012 740
1005 734
1012 726
1019 722
1020 716
1016 718
1012 714
1009 719
1005 715
1007 710
1017 709
1023 708
1020 702
1011 702
1004 705
1007 700
1014 693
1021 696
1026 699
1024 691
1017 684
1021 687
1021 677
1013 676
1015 669
1009 669
1009 664
1010 676
996 661
994 670
1001 664
960 735
959 726
962 731
954 718
956 715
970 721
967 724
943 721
945 714
950 725
952 732
947 738
944 730
940 740
939 731
939 724
933 728
938 720
940 744
943 750
935 745
932 741
928 731
924 725
950 822
945 826
942 821
935 828
932 822
932 813
940 813
948 815
949 808
945 804
945 795
940 798
934 803
929 810
924 808
926 804
924 798
919 798
919 788
925 791
932 791
937 796
937 786
941 783
926 786
925 783
935 777
918 823
912 821
914 816
908 826
903 827
910 812
904 799
892 804
894 794
890 794
893 788
899 791
895 785
900 780
899 787
895 775
890 779
879 777
882 773
885 769
880 769
876 762
880 760
887 764
887 762
887 756
885 754
892 752
892 747
879 753
875 745
878 750
879 741
874 739
878 732
879 735
881 733
880 730
879 725
875 726
885 892
878 893
873 888
880 886
877 881
886 881
890 885
892 875
887 871
891 868
883 866
879 873
882 876
868 880
871 873
874 868
871 862
879 859
886 861
885 853
889 853
893 849
894 843
883 845
886 841
885 836
872 847
874 855
866 857
862 853
866 849
865 843
868 840
857 838
852 838
863 836
860 833
854 862
850 864
848 860
849 875
847 877
847 884
851 881
854 890
858 885
857 878
855 871
859 873
864 871
865 868
863 866
860 867
863 807
856 812
857 806
839 806
836 813
827 814
832 805
827 801
821 809
817 796
809 795
810 789
804 788
801 793
803 803
799 807
809 809
812 805
787 866
800 862
814 892
809 894
815 884
811 877
807 885
806 882
803 879
799 884
802 890
805 891
794 879
799 875
807 872
802 870
806 866
796 869
791 875
788 871
795 862
800 858
803 854
805 858
809 854
807 859
806 844
804 832
802 830
797 833
801 838
800 842
798 845
796 850
791 856
786 860
784 857
787 854
781 854
782 851
782 846
787 849
790 851
791 844
787 841
794 839
791 834
781 833
780 838
777 837
778 840
773 839
764 843
758 848
762 851
772 849
775 855
770 858
767 857
764 856
764 863
773 863
779 867
749 881
754 888
757 881
743 885
741 879
745 874
741 869
748 865
752 873
754 868
755 861
749 857
749 852
754 854
753 849
757 853
755 842
755 837
748 841
746 846
742 852
743 858
734 873
729 877
731 881
733 887
729 887
725 881
723 878
731 866
730 869
736 864
733 860
727 862
722 862
719 860
716 853
723 852
730 853
732 850
731 847
727 844
738 843
739 838
734 835
735 828
740 831
743 834
745 832
741 828
742 824
744 823
737 823
737 820
733 825
728 831
724 829
724 835
719 840
717 845
715 841
713 837
711 845
712 847
722 843
722 866
720 868
718 863
714 855
696 867
689 865
685 860
681 863
674 864
676 870
674 874
683 869
685 867
682 875
689 873
695 874
690 880
692 883
686 885
681 890
685 894
692 893
690 900
690 906
692 910
693 914
688 915
682 910
677 904
682 901
678 896
673 892
676 884
670 883
666 876
670 869
663 874
653 873
655 880
661 882
658 892
663 894
655 886
650 889
647 887
649 883
646 892
647 900
652 899
653 904
655 900
658 906
659 900
662 908
664 904
668 899
664 928
665 924
659 928
657 924
654 930
651 925
654 918
649 919
648 917
654 910
654 914
659 914
662 917
648 911
643 913
643 907
648 906
624 971
620 971
612 974
611 978
606 973
607 965
613 967
621 964
624 962
618 958
610 961
606 959
608 955
608 950
611 951
616 952
613 956
618 949
620 951
624 954
627 957
631 953
633 948
630 946
636 943
631 939
630 935
633 933
634 935
625 939
626 942
626 948
622 945
623 940
619 943
619 939
617 939
614 936
616 935
614 932
621 931
622 932
614 946
611 943
609 940
608 935
608 929
601 932
604 935
604 940
604 949
614 882
606 881
602 876
606 872
607 876
610 870
614 872
618 874
619 858
612 851
607 853
602 850
609 847
607 845
613 845
608 840
602 842
604 837
596 840
598 834
597 846
594 843
592 834
594 831
591 827
599 828
604 828
609 835
612 839
617 833
620 828
613 831
609 829
605 822
602 817
593 820
606 809
610 815
613 809
611 803
598 805
593 814
589 810
586 817
553 880
552 877
546 881
549 884
543 885
540 881
542 878
546 872
546 865
550 868
537 871
536 876
533 869
528 869
527 866
529 864
532 861
538 865
540 859
533 855
531 852
525 855
518 853
515 855
521 846
519 841
526 842
525 847
529 839
525 835
520 837
515 840
511 845
514 846
508 840
506 842
503 837
515 833
521 829
520 823
512 829
508 826
515 826
549 854
545 849
540 850
556 858
557 863
557 867
554 865
561 866
555 869
1467 1053
1468 1047
1461 1053
1464 1059
1459 1059
1453 1059
1454 1054
1456 1051
1462 1046
1464 1042
1456 1042
1449 1043
1453 1047
1448 1048
1445 1045
1444 1052
1439 1053
1438 1058
1446 1061
1452 999
1457 995
1459 992
1450 993
1447 999
1446 995
1453 980
1451 977
1445 977
1436 991
1439 998
1428 994
1432 989
1433 984
1438 981
1431 979
1429 983
1432 974
1432 971
1423 979
1425 974
1421 976
1419 973
1416 975
1413 977
1409 974
1408 972
1406 974
1406 976
1408 980
1415 982
1417 979
1421 981
1424 984
1423 989
1420 986
1419 991
1427 987
1423 999
1424 997
1418 1002
1416 998
1411 994
1413 990
1408 986
1415 994
1407 991
1404 996
1410 1000
1414 1006
1412 1009
1409 1009
1409 1004
1402 1008
1406 1003
1406 1013
1402 1017
1398 1012
1398 1007
1394 1009
1396 1003
1399 1003
1402 999
1278 655