1914 524
1911 515
1910 520
1917 519
1917 510
1904 514
1905 507
1901 507
1895 514
1899 532
1897 508
1882 511
1878 505
1873 507
1873 513
1877 517
1860 501
1856 506
1852 506
1846 502
1844 498
1840 501
1841 492
1844 496
1847 492
1846 488
1854 485
1854 491
1851 492
1853 495
1849 498
1849 514
1844 512
1839 514
1842 522
1848 521
1845 527
1854 518
1858 521
1845 509
1839 508
1839 529
1839 533
1841 533
1835 529
1833 533
1831 532
1827 529
1829 528
1825 535
1825 540
1820 537
1818 530
1831 538
1828 547
1830 549
1831 553
1839 551
1835 547
1828 544
1853 605
1848 599
1841 603
1839 594
1844 593
1837 586
1842 584
1847 588
1848 582
1854 593
1852 585
1857 583
1852 578
1843 576
1843 569
1844 565
1837 570
1837 575
1829 578
1830 571
1813 604
1803 602
1803 596
1804 593
1812 595
1812 590
1819 596
1822 601
1825 581
1821 575
1815 565
1809 556
1820 544
1827 558
1800 570
1789 574
1782 579
1783 588
1792 590
1799 590
1798 600
1756 581
1759 568
1743 569
1748 582
1741 588
1736 581
1729 580
1722 575
1727 570
1716 573
1713 582
1716 588
1712 594
1714 600
1718 598
1719 591
1725 596
1728 600
1732 605
1719 605
1721 613
1723 610
1732 593
1731 585
1725 589
1724 583
1642 566
1634 570
1623 568
1618 558
1629 556
1637 558
1635 550
1628 548
1621 552
1608 604
1614 614
1609 613
1603 612
1599 605
1599 597
1597 594
1590 598
1590 591
1583 596
1578 612
1575 608
1571 613
1565 613
1568 606
1586 612
1590 614
1596 612
1603 596
1110 631
1102 635
1095 639
1097 649
1103 647
1103 653
1101 658
1094 658
1095 666
1103 710
1100 718
1098 721
1102 726
1105 722
1105 715
1109 710
1104 704
1099 703
1091 715
1095 713
1093 702
1095 698
1088 696
1092 691
1100 688
1093 681
1080 682
1084 691
1078 700
1084 710
1087 704
1079 707
1078 714
1084 718
1076 721
1068 711
1066 717
1072 725
1083 725
1037 767
1042 768
1040 772
1041 761
1039 757
1042 753
1047 747
1058 746
1054 737
1054 741
1048 739
1051 738
1055 732
1058 732
1052 726
1045 719
1041 727
1046 734
1040 736
1043 742
1036 743
1043 747
1004 708
1010 711
1001 712
958 743
955 747
955 738
953 741
946 740
948 739
947 731
954 726
948 723
942 729
942 724
936 726
933 732
930 739
927 739
930 745
936 744
939 743
942 737
938 735
849 760
846 764
844 767
839 767
840 763
842 758
840 756
843 752
849 752
824 760
820 763
816 769
809 772
804 770
811 766
804 761
809 758
807 751
816 750
819 744
824 743
814 740
812 736
827 753
829 761
838 751
833 751
758 774
758 769
749 769
749 762
742 765
749 779
743 776
742 785
748 790
756 787
733 782
739 780
726 779
734 789
746 754
751 769
752 774
754 767
755 763
682 815
683 809
678 809
679 804
675 799
674 795
678 794
617 765
611 765
613 756
618 753
621 760
606 905
599 905
595 899
605 896
586 897
581 897
574 895
574 886
577 890
582 892
584 888
588 884
588 879
594 877
593 889
596 910
593 913
523 836
516 832
530 833
523 828
518 826
519 821
524 823
523 819
523 814
527 817
534 818
530 812
534 804
518 809
520 805
518 803
522 803
520 801
538 815
538 810
542 811
543 807
543 801
538 801
539 792
545 791
554 792
551 783
545 783
538 786
539 782
532 785
535 780
531 779
535 775
537 777
540 773
546 775
542 769
537 769
532 772
531 768
528 772
525 779
447 817
451 809
458 812
446 807
451 804
448 799
445 801
451 798
425 797
424 794
419 798
417 793
421 788
416 789
416 784
409 785
410 791
411 779
408 780
413 774
409 770
406 773
400 774
401 779
401 784
399 768
406 766
422 783
383 798
376 799
381 804
386 804
377 808
374 806
375 811
382 812
389 815
384 820
390 821
380 819
384 822
399 816
400 822
395 827
390 830
394 832
398 829
380 875
376 877
373 874
370 877
370 870
376 871
374 865
381 864
376 861
372 860
372 851
379 850
387 851
386 854
376 845
377 838
370 843
367 847
352 863
349 859
355 857
353 854
349 851
351 845
349 845
350 841
345 841
344 845
342 851
344 854
343 859
346 855
341 863
346 864
336 868
332 864
337 858
335 854
337 850
339 846
339 840
346 832
351 834
350 828
343 828
340 828
337 836
333 831
332 828
330 836
331 840
335 843
332 848
250 835
230 831
230 837
226 833
228 842
229 847
220 851
221 842
221 847
218 841
218 834
222 834
222 838
222 829
226 828
227 829
206 833
206 827
209 827
209 828
199 835
200 832
201 835
199 828
199 827
195 825
199 822
197 820
200 818
1090 654
1088 658
1088 663
1088 666
1084 668
1082 671
1083 666
1090 647
1095 630
1097 626
1089 621
1086 630
1036 728
1019 713
994 718
996 713
991 714
535 798
529 798
528 807
524 805
522 798
535 764
540 763
545 765
548 768
550 771
553 775