1546 583
1547 572
1542 572
1539 581
1543 591
1540 597
1545 597
1545 602
1542 605
1546 613
1542 614
1536 621
1544 623
1529 617
1533 609
1528 606
1533 598
1526 597
1529 589
1535 590
1533 576
1533 585
1527 581
1523 576
1521 585
1521 589
1520 596
1515 579
1513 573
1520 570
1529 625
1473 525
1465 532
1467 538
1461 539
1461 547
1468 550
1474 555
1466 556
1460 553
1478 559
1484 552
1484 548
1489 554
1484 536
1473 572
1468 569
1467 578
1464 581
1465 586
1461 586
1458 585
1456 580
1459 582
1458 576
1473 583
1475 579
1472 588
1468 588
1477 597
1470 600
1477 605
1470 609
1465 617
1463 610
1459 611
1455 602
1462 603
1463 598
1458 594
1454 596
1454 588
1452 584
1450 589
1451 592
1452 597
1453 602
1453 608
1453 571
1449 573
1414 661
1406 661
1399 654
1394 654
1394 649
1398 646
1402 640
1404 643
1398 636
1404 650
1411 652
1409 645
1420 650
1418 656
1423 645
1428 638
1433 633
1437 629
1428 628
1429 623
1436 622
1433 616
1427 614
1434 607
1425 634
1417 636
1416 641
1409 638
1404 631
1412 631
1419 627
1418 620
1422 621
1418 608
1420 601
1428 597
1426 605
1422 594
1425 588
1433 597
1417 589
1420 586
1412 592
1411 601
1412 613
1411 618
1410 624
1401 625
1395 629
1393 630
1397 618
1399 620
1404 614
1397 612
1401 606
1403 603
1391 605
1387 603
1392 598
1396 601
1357 614
1357 618
1352 617
1347 621
1343 623
1344 616
1343 608
1346 610
1353 606
1356 609
1358 602
1361 599
1367 600
1373 599
1365 595
1366 587
1356 593
1351 588
1355 582
1350 578
1346 582
1340 578
1339 588
1346 592
1347 599
1339 595
1353 598
1025 853
1021 847
1025 844
1033 849
1000 867
1000 858
957 847
953 852
946 846
949 843
955 836
949 832
945 826
938 834
930 829
938 826
948 818
948 811
954 819
954 826
956 836
943 840
950 803
942 797
937 797
934 791
927 787
922 790
928 793
921 800
919 807
917 817
913 819
915 811
925 811
930 804
938 810
934 818
926 820
921 824
943 816
943 852
907 922
910 917
906 912
910 909
909 904
903 904
898 910
897 914
895 921
891 914
893 908
889 902
896 901
896 895
888 893
893 888
887 886
891 880
900 881
902 888
907 881
909 893
903 897
914 886
919 884
913 877
901 873
901 867
893 873
886 874
892 866
908 874
888 910
918 829
897 820
886 804
878 795
885 791
872 780
876 778
874 773
882 769
873 764
879 761
871 755
878 753
867 768
864 764
859 769
861 777
866 775
866 780
851 773
842 764
838 758
833 756
832 749
823 744
824 754
827 760
830 763
824 765
821 760
823 771
815 766
811 759
814 753
816 745
807 750
803 744
810 740
802 739
803 756
806 763
809 771
812 779
806 784
806 791
801 789
794 795
801 795
791 786
796 781
789 778
797 773
802 777
802 770
789 769
793 765
796 762
794 756
789 762
832 793
831 786
822 792
821 785
821 780
833 776
677 809
669 809
671 802
669 797
674 796
673 789
667 783
664 789
660 787
662 796
657 791
653 785
650 789
652 795
655 797
656 801
661 804
672 876
671 871
665 875
668 882
661 885
663 880
663 895
655 891
657 890
655 882
653 876
657 873
663 868
649 870
654 867
651 863
647 858
647 875
650 879
647 885
642 887
642 881
637 881
637 874
638 866
623 843
617 841
613 844
611 848
610 838
614 831
621 832
623 836
627 830
625 825
620 824
621 820
623 816
626 814
624 811
629 810
625 807
618 813
616 819
612 825
610 816
604 817
609 810
614 807
610 803
618 803
619 793
612 791
607 790
607 797
604 800
614 797
604 805
602 824
598 819
600 813
611 886
615 877
621 884
620 888
607 892
603 888
602 882
607 878
604 874
608 872
605 867
599 877
596 873
591 879
594 884
598 887
591 889
584 888
585 881
587 875
588 869
590 865
586 865
583 861
581 856
586 859
578 859
578 864
571 864
571 860
576 868
580 873
577 880
574 874
577 887
581 892
585 897
577 896
573 898
577 902
576 907
572 904
581 901
586 904
581 910
588 909
584 911
581 917
576 919
576 914
570 913
565 914
565 910
561 907
565 903
542 850
535 850
535 858
527 854
523 856
521 862
519 869
527 867
530 862
534 868
541 868
545 863
538 872
531 875
525 875
521 875
527 882
534 882
540 877
545 876
548 881
549 884
543 882
544 888
540 892
539 886
534 894
534 889
528 892
528 886
536 907
532 901
529 904
526 907
526 901
523 904
519 902
519 898
523 895
515 902
513 899
510 901
509 905
507 908
511 911
516 912
521 908
505 913
500 910
502 903
501 907
519 910
522 927
516 925
512 929
520 931
526 931
528 938
522 938
526 935
516 941
516 934
510 935
504 933
501 926
495 927
492 933
496 932
494 939
500 941
501 949
506 949
511 948
517 950
519 947
511 944
508 942
522 957
515 958
510 959
504 959
505 964
509 965
509 955
512 954
512 966
516 973
510 969
512 974
521 972
520 965
518 978
507 970
502 945
488 912
482 909
484 905
485 900
479 900
472 900
475 911
476 904
481 930
485 933
486 927
480 922
472 921
469 925
466 919
464 917
463 913
460 928
465 933
457 922
468 938
460 937
463 942
470 942
458 906
452 910
446 903
442 900
447 897
444 888
446 884
441 879
438 882
436 879
439 873
431 878
433 883
428 874
439 867
420 936
423 942
423 945
418 945
414 941
416 938