1444 816
1445 812
1444 808
1450 806
1449 808
1448 802
1449 797
1452 787
1447 792
1444 785
1439 786
1435 783
1435 791
1424 791
1427 802
1430 795
1437 800
1442 793
1444 799
1440 803
1436 808
1437 816
1429 813
1427 807
1439 779
1441 773
1443 778
1431 775
1438 766
1427 785
1410 774
1414 780
1421 765
1400 869
1395 874
1387 872
1383 864
1392 866
1390 857
1397 860
1406 857
1399 852
1404 849
1405 840
1398 844
1392 848
1384 852
1382 856
1375 849
1381 844
1390 842
1393 836
1397 830
1404 833
1412 832
1407 829
1408 824
1400 826
1401 818
1390 820
1392 812
1384 814
1382 822
1373 824
1373 815
1379 811
1370 812
1367 819
1361 828
1366 825
1368 832
1380 829
1384 834
1389 828
1377 839
1369 841
1373 836
1378 861
1357 626
1352 629
1345 633
1345 625
1337 626
1328 624
1324 633
1334 636
1342 641
1350 646
1354 641
1358 636
1359 648
1354 655
1340 656
1330 645
1328 654
1324 648
1317 655
1322 660
1317 666
1329 666
1334 659
1338 666
1345 662
1352 666
1359 662
1361 656
1357 672
1348 675
1340 674
1333 675
1338 682
1342 679
1345 683
1349 683
1356 681
1363 677
1366 685
1361 688
1359 693
1364 694
1362 700
1355 700
1351 690
1344 700
1344 693
1315 730
1318 723
1312 718
1315 712
1313 703
1307 711
1301 704
1306 700
1298 709
1293 705
1286 710
1294 714
1291 722
1285 723
1281 718
1299 721
1305 715
1306 726
1311 735
1303 733
1300 740
1297 744
1293 736
1296 729
1292 742
1299 753
1290 750
1285 743
1285 736
1287 729
1281 729
1209 693
1212 691
1215 687
1214 680
1211 676
1204 679
1202 675
1197 678
1200 682
1205 687
1209 684
1190 685
1189 678
1186 674
1181 678
1182 687
1189 693
1188 701
1195 698
1180 700
1180 708
1174 704
1174 697
1178 692
1151 738
1153 733
1145 729
1158 727
1156 719
1164 712
1150 724
1135 728
1134 733
1137 741
1144 740
1141 747
1137 749
1132 747
1128 738
1126 729
1120 732
1119 727
1112 722
1104 724
1106 730
1098 728
1097 733
1107 737
1113 733
1101 741
1110 743
1118 742
1122 737
1126 744
1127 751
1125 758
1133 760
1119 761
1118 750
1119 755
1112 755
1107 749
1104 753
1110 761
1115 767
1129 774
1127 780
1123 769
1136 777
1132 785
1123 784
1114 781
1117 784
1120 778
1113 773
1108 775
1109 768
1103 768
1105 758
1100 764
1097 765
1091 766
1095 760
1096 772
1103 777
1110 786
1110 791
1103 787
1093 779
1098 782
1096 786
1132 768
1097 749
1007 798
1012 792
1004 790
1000 786
996 778
994 783
996 789
996 794
998 801
1001 804
996 804
999 798
812 837
807 845
799 841
803 834
795 848
804 854
800 866
803 871
808 871
810 863
809 856
818 845
827 848
834 850
835 841
826 838
780 856
788 850
794 856
792 863
794 872
784 869
776 869
782 862
781 878
769 779
771 775
770 771
768 767
763 772
759 766
761 780
757 776
626 935
620 932
621 939
624 927
628 920
629 924
635 926
637 916
647 919
618 923
619 920
609 923
597 919
592 918
594 912
584 916
585 920
566 916
572 914
578 911
568 907
571 903
562 912
558 906
563 902
567 897
565 892
559 892
557 897
553 900
548 897
548 894
544 895
537 892
537 885
540 878
546 878
542 881
547 884
551 880
553 882
550 885
548 889
555 889
557 885
573 892
576 899
577 903
568 888
576 891
611 840
606 846
607 850
601 853
601 850
594 853
595 846
592 842
582 838
579 832
572 835
568 830
562 825
559 832
554 828
547 836
553 841
560 845
566 841
565 836
573 843
577 840
579 846
586 845
572 919
579 917
560 880
566 877
571 882
571 875
570 872
567 869
572 866
575 870
576 865
579 862
576 860
580 854
575 852
569 857
565 851
559 853
558 859
551 853
552 861
552 866
558 865
556 869
562 871
562 864
565 866
565 860
570 862
557 874
560 878
584 853
553 848
546 862
540 866
540 860
538 853
545 851
541 844
536 838
534 848
548 871
553 876
556 877
557 916
552 916
560 920
555 919
555 912
553 910
551 912
550 908
552 906
549 904
547 905
501 933
506 929
500 928
497 930
496 934
492 928
495 927
493 923
501 924
507 919
507 923
511 915
513 915
501 918
498 921
492 933
509 930
500 839
495 835
492 838
489 836
486 834
487 842
493 846
499 846
494 851
489 850
483 847
481 842
479 836
474 839
473 833
470 830
467 836
469 844
473 847
477 849
472 854
464 855
465 859
470 857
474 858
481 858
484 853
489 858
492 855
496 858
493 863
491 866
484 863
479 863
469 867
471 862
477 868
483 870
489 877
483 876
483 882
486 884
482 888
478 886
478 880
475 875
469 876
472 871
465 872
461 875
465 877
464 881
462 884
471 883
472 888
475 890
464 838
461 865
456 873
457 880
457 889
462 890
469 895
464 895
457 896
459 899
463 901
466 901
464 906
459 905
459 911
451 909
450 915
455 914
454 919
460 917
464 915
461 923
459 926
457 925
454 927
450 925
448 922
448 919
445 918
445 910
444 906
443 909
446 886
449 892
447 897
442 898
445 901
450 904
452 905
450 881
453 886
425 887
427 883
423 881
417 897
416 901
411 897
422 901
426 902
434 904
434 908
437 907
425 905
417 907
413 908
414 910
409 910
406 910
410 905
405 904
403 899
406 894
402 886
397 882
395 886
398 889
401 893
402 895
397 899
394 905
397 906
398 909
401 913
396 919
393 913
390 917
389 910
390 905
388 904
390 898
394 894
390 892
393 889
397 893