1538 564
1533 564
1528 567
1527 561
1523 565
1520 574
1530 577
1535 586
1538 588
1533 590
1538 581
1529 585
1527 588
1524 591
1531 593
1528 596
1525 598
1522 602
1528 602
1531 603
1520 595
1518 596
1520 588
1516 587
1523 584
1514 578
1514 572
1515 565
1516 562
1513 563
1522 557
1525 572
1527 574
1501 552
1499 547
1494 549
1493 551
1490 554
1493 560
1496 554
1500 566
1495 566
1490 571
1496 575
1500 573
1501 582
1491 583
1485 585
1490 588
1497 592
1500 589
1490 592
1491 597
1485 598
1495 597
1482 592
1482 603
1486 603
1489 607
1482 611
1487 616
1493 618
1494 612
1494 606
1485 624
1480 618
1477 610
1478 605
1484 575
1484 569
1482 565
1476 572
1473 566
1475 556
1481 556
1410 555
1410 562
1404 565
1396 563
1389 565
1397 571
1404 571
1410 571
1413 576
1419 577
1417 570
1415 567
1416 560
1403 579
1416 584
1414 591
1410 597
1415 601
1422 604
1416 611
1412 609
1404 618
1402 615
1402 609
1410 618
1414 622
1423 619
1408 631
1416 635
1414 643
1422 645
1391 620
1385 611
1374 605
1375 613
1386 623
1386 627
1394 634
1399 650
1404 655
1407 661
1398 661
1391 657
1386 654
1386 631
1388 633
1399 669
1389 665
1380 662
1380 650
1381 656
1404 669
1411 672
1406 675
1406 681
1402 679
1409 680
1414 677
1410 685
1405 692
1412 693
1415 692
1414 699
1406 700
1399 694
1400 700
1399 686
1395 681
1395 677
1387 679
1389 672
1384 673
1403 683
1393 688
1335 780
1339 773
1338 775
1331 774
1326 779
1320 773
1328 771
1334 767
1336 759
1341 758
1328 765
1323 766
1320 762
1325 757
1321 752
1328 751
1332 750
1325 745
1331 741
1343 742
1351 736
1346 736
1342 731
1341 725
1336 730
1334 726
1327 730
1328 720
1338 716
1342 720
1332 708
1329 703
1321 704
1324 712
1314 715
1318 719
1320 727
1338 749
1284 704
1275 711
1278 714
1270 703
1274 705
1271 708
1274 698
1282 696
1286 688
1291 690
1293 683
1291 677
1288 672
1282 669
1278 674
1272 672
1282 680
1267 682
1266 687
1275 691
1280 691
1264 696
1259 692
1257 684
1250 687
1243 684
1245 675
1251 677
1251 669
1255 673
1262 668
1262 675
1259 679
1257 700
1254 697
1253 692
1249 694
1262 703
1277 794
1285 791
1274 787
1280 789
1266 777
1271 782
1267 771
1255 760
1249 755
1240 758
1234 761
1228 764
1226 771
1221 774
1218 782
1226 782
1232 776
1236 766
1239 774
1243 765
1246 773
1250 766
1245 779
1251 780
1249 783
1250 787
1244 785
1235 783
1235 791
1231 797
1227 798
1230 807
1239 808
1233 814
1243 813
1245 803
1237 802
1244 793
1240 799
1193 728
1187 732
1187 725
1195 734
1181 722
1198 715
1199 710
1189 704
1194 702
1185 695
1194 696
1193 688
1188 686
1184 689
1178 685
1182 681
1191 682
1197 674
1202 676
1198 683
1200 669
1194 664
1190 668
1183 672
1184 661
1177 667
1190 663
1171 700
1176 700
1170 689
1166 681
1161 675
1163 670
1165 665
1154 671
1150 675
1150 666
1159 663
1128 702
1127 694
1120 699
1118 689
1120 692
1118 708
1113 706
1108 701
1109 693
1102 694
1104 687
1112 685
1118 684
1111 677
1105 679
1103 668
1111 668
1107 662
1098 662
1097 668
1095 675
1089 678
1084 673
1078 677
1078 665
1090 667
1086 660
1091 652
1084 650
1073 655
1081 657
1077 653
1074 647
1074 636
1077 633
1082 641
1068 637
1096 656
1081 684
1088 685
1086 682
993 848
997 841
993 837
987 843
987 845
984 849
980 848
981 840
975 844
973 843
975 838
974 836
979 833
987 835
987 827
993 830
996 827
991 820
984 818
981 823
974 828
975 821
993 811
997 805
994 799
985 804
989 801
984 797
979 793
979 802
976 809
974 815
974 799
872 795
869 787
867 792
865 798
858 790
860 783
866 777
861 776
864 772
864 765
867 763
873 766
869 770
870 773
872 777
861 760
861 794
851 788
852 785
830 814
823 810
823 819
814 822
814 815
815 827
814 834
810 833
809 827
808 825
626 815
627 809
624 806
618 805
613 813
618 819
614 826
618 830
619 825
607 821
609 818
612 821
629 821
631 816
620 836
612 830
614 838
616 843
610 842
614 846
608 835
602 834
602 838
635 841
630 844
627 851
621 852
620 861
614 855
609 851
604 853
604 858
596 853
599 858
593 860
587 860
601 848
603 844
606 842
598 842
595 835
590 836
594 843
590 849
587 852
582 860
582 866
586 864
587 871
590 872
592 869
589 867
597 863
603 862
611 859
614 864
619 865
615 867
582 815
578 812
585 810
586 814
574 815
581 821
573 822
574 827
578 825
578 829
588 825
589 829
582 844
583 847
576 837
572 834
569 829
567 827
563 820
568 817
556 822
550 827
554 830
557 834
551 832
553 836
546 840
541 837
545 834
549 840
558 841
559 846
565 844
570 842
576 847
571 847
564 854
561 850
558 853
560 859
556 865
557 871
551 872
545 871
546 866
548 868
551 864
547 859
553 856
547 856
551 852
545 852
551 847
551 844
545 846
562 867
565 866
560 876
552 877
547 876
544 873
543 861
541 856
491 833
487 836
485 837
485 841
493 840
498 837
505 862
503 859
497 864
492 864
489 859
480 861
481 870
487 869
479 866
492 875
495 873
495 882
497 887
496 891
500 888
486 891
481 892
483 886
490 886
488 882
481 878
484 874
476 878
475 874
471 876
471 873
480 885
475 890
479 895
470 893
471 888
467 887
470 881
467 878
465 883
464 886
473 884
476 887
478 884
473 922
475 918
469 915
469 912
469 906
465 910
465 914
465 918
466 922
462 921
461 918
461 914
456 915
453 918
448 914
452 911
457 909
460 905
460 895
457 894
457 900
454 898
454 903
452 901
448 904
450 907
443 941
445 938
452 940
452 937
448 934
446 931
444 935
441 937
438 940
438 937
440 932
441 929
437 931
435 934
435 927
432 930
431 926
431 935
433 937
436 940
433 943
431 941
436 945
440 944
409 865
413 869
418 863
417 858
408 857
407 853
405 846
401 848
402 845
400 855
402 860
404 870
408 872
402 874
399 871
399 866
397 860
394 858
395 853
390 864
394 866
394 870
388 867
388 871
392 875
395 882
398 876
388 877
389 879
386 882
384 873