1528 557
1532 555
1534 548
1529 542
1530 534
1524 539
1515 539
1519 531
1525 526
1515 524
1509 529
1507 543
1502 538
1503 550
1510 550
1511 557
1522 551
1508 565
1525 566
1525 572
1526 649
1558 629
1551 628
1556 621
1563 625
1554 614
1548 612
1545 612
1553 603
1552 571
1558 568
1553 575
1563 563
1545 574
1543 583
1542 578
1538 582
1538 587
1542 590
1524 655
1517 655
1515 648
1519 645
1522 636
1520 630
1516 635
1510 643
1507 649
1502 655
1499 652
1492 649
1489 647
1497 644
1503 641
1510 634
1512 630
1517 625
1512 617
1508 624
1504 630
1498 631
1501 622
1497 620
1504 615
1510 610
1513 604
1507 602
1500 606
1495 611
1490 617
1483 622
1480 614
1486 608
1495 602
1488 597
1494 591
1499 597
1505 592
1503 583
1498 587
1490 581
1487 590
1489 575
1492 566
1498 573
1494 669
1498 664
1485 668
1488 662
1481 660
1485 654
1479 644
1473 650
1460 651
1453 651
1444 653
1445 644
1453 642
1452 636
1452 629
1459 631
1463 632
1452 623
1455 619
1444 623
1448 616
1441 611
1451 608
1444 601
1435 603
1433 611
1438 619
1440 631
1446 629
1445 638
1437 641
1436 648
1435 655
1430 642
1432 632
1426 624
1421 628
1428 617
1428 613
1420 613
1397 744
1394 740
1393 737
1400 738
1397 734
1399 730
1394 728
1407 739
1406 742
1412 731
1418 725
1420 717
1412 712
1407 717
1402 722
1400 719
1395 721
1396 712
1403 710
1403 712
1408 709
1416 705
1412 701
1405 697
1393 704
1396 698
1389 698
1385 703
1377 697
1377 705
1371 690
1371 680
1366 680
1362 677
1363 688
1354 690
1351 686
1345 681
1354 680
1355 670
1349 668
1348 673
1342 671
1340 668
1342 687
1364 755
1371 759
1370 749
1365 747
1359 760
1355 754
1358 747
1352 742
1350 750
1349 758
1344 753
1345 746
1339 747
1341 741
1347 738
1350 733
1357 737
1361 734
1360 727
1362 722
1367 715
1367 706
1361 709
1358 706
1358 702
1348 702
1352 710
1355 717
1352 724
1344 729
1345 719
1345 713
1341 712
1337 716
1336 725
1334 732
1323 725
1328 722
1325 735
1322 732
1332 741
1328 748
1322 744
1318 754
1311 756
1312 747
1316 740
1331 755
1333 749
1373 605
1378 596
1378 591
1372 595
1367 597
1370 602
1362 603
1368 608
1370 616
1361 614
1354 610
1353 604
1353 596
1359 600
1363 593
1364 590
1357 590
1355 588
1363 587
1385 596
1389 589
1183 721
1178 716
1184 713
1180 709
1180 706
1177 707
1186 710
1188 709
1186 706
1188 714
1191 711
1191 710
1193 706
1191 703
1185 702
1180 699
1173 697
1178 695
1174 690
1184 692
1185 684
1177 683
1182 679
1173 678
1170 685
1187 679
1183 672
1178 672
1171 670
1167 670
1178 667
1184 667
1171 665
1192 662
1191 655
1181 652
1186 648
1180 644
1190 639
1196 643
1184 635
1189 631
1119 705
1113 705
1114 712
1111 712
1107 712
1098 710
1101 726
1105 723
1105 719
1098 719
1092 713
1092 701
1099 703
1104 702
1111 698
1103 693
1113 688
1102 690
1097 696
1095 693
1094 690
1087 691
1075 690
1074 694
1077 696
1075 699
1101 804
1101 798
1092 798
1094 806
1096 793
1089 792
1089 786
1093 785
1098 787
1104 789
1108 789
1101 779
1106 776
1108 768
1099 765
1100 771
1091 767
1090 773
1102 760
1106 756
1113 755
1028 697
1041 695
1042 705
1032 705
1047 702
1047 707
1040 713
1033 714
1024 714
1036 721
1041 730
1040 740
1033 735
1032 727
1044 733
1029 746
1027 740
1027 731
1047 757
1042 763
1037 778
1041 782
1046 772
1034 875
1029 877
1034 870
1036 866
1038 868
1040 859
1040 850
1036 849
1032 857
1027 862
1019 865
1022 855
1028 850
1024 846
1031 840
1037 835
1041 829
1041 824
1034 827
1031 833
1026 836
1022 828
1020 840
1018 849
1013 856
1008 860
1005 856
1008 871
1011 870
1001 865
1000 875
996 868
993 862
997 857
997 853
999 847
995 843
1004 843
999 837
1014 834
1005 838
1016 830
1033 817
1030 811
1022 816
1018 816
1011 789
1005 792
1006 781
1001 787
993 788
989 784
986 778
985 783
980 793
977 801
984 798
973 788
966 780
969 776
965 765
961 769
955 763
949 772
957 779
957 879
957 869
951 881
948 877
943 872
942 868
948 865
951 870
952 862
948 858
942 860
938 865
937 871
931 864
933 857
940 854
934 849
943 847
942 844
947 843
952 844
949 837
942 833
942 828
945 828
950 826
945 824
944 819
946 813
942 810
938 815
934 815
937 822
936 826
931 823
934 833
936 842
927 854
920 854
922 848
926 845
918 840
914 844
915 833
908 826
928 834
927 829
922 824
941 804
934 807
930 812
914 811
890 872
894 866
885 866
882 860
883 856
888 859
890 850
897 859
899 853
898 847
894 840
899 838
903 836
901 830
898 824
891 822
888 831
885 830
881 832
884 838
886 843
883 848
880 851
876 849
874 857
869 851
870 845
868 837
869 830
875 826
881 820
872 818
875 815
874 806
877 836
880 842
862 848
860 841
861 834
853 839
864 826
868 814
861 820
850 824
866 863
863 857
824 904
821 910
817 906
813 912
810 907
807 900
815 900
821 897
821 889
816 890
811 886
806 890
808 894
805 881
814 879
819 873
822 868
816 868
815 863
824 861
829 862
829 857
831 854
823 850
814 850
820 848
816 856
808 862
808 857
808 851
802 856
799 864
804 871
810 874
801 877
794 870
796 861
790 861
784 860
785 867
788 869
787 875
782 878
777 877
777 883
774 884
775 890
773 890
780 896
783 897
786 890
787 894
790 889
791 893
788 882
792 884
798 882
801 889
801 892
825 881
819 882
816 884
796 877
781 926
775 927
780 922
781 919
779 915
773 916
774 921
771 929
768 925
767 920
761 914
765 910
773 910
777 907
779 905
782 901
777 900
772 902
769 904
770 896
767 896
764 896
762 903
757 906
758 899
756 894
758 890
763 889
769 882
766 882
724 975
724 972
718 970
718 964
723 961
725 968
729 964
731 972
735 968
735 963
734 955
739 958
729 958
726 953
718 955
722 952
717 947
721 947
717 942
722 941
728 948
728 941
734 945
739 949
743 953
746 947
740 942
742 935
747 940
746 931
754 937
754 928
733 937
734 932
729 932
731 928
721 929
723 934
715 935
715 931
719 937
715 943
725 866
725 855
719 865
720 856
733 861
731 852
737 847
742 845
745 842
752 837
755 835
746 827
741 830
738 827
733 832
733 825
729 827
729 832
729 821
724 823
722 828
723 837
728 842
716 832
715 839
713 828
716 826
717 820
711 819
708 815
715 814
719 814
724 814
729 814
732 807
724 807
734 817
737 812
739 816
735 803
731 799
734 796
738 796
734 785
724 785
724 792
724 795
716 788
713 797
707 794
713 804
706 806
704 802
699 799
702 793
656 873
660 871
656 868
660 865
654 863
650 868
653 872
647 870
641 870
642 866
645 861
649 858
646 855
639 858
633 857
635 853
638 850
640 849
650 844
650 849
657 843
655 848
659 848
665 846
663 843
661 854
654 854
657 856
639 865
631 847
635 842
638 834
633 838
632 834
627 839
622 832
615 829
619 825
618 818
619 818
612 815
615 812
619 811
625 811
622 807
629 808
633 815
624 816
629 820
625 826
630 830
636 828
640 827
637 821
642 816
640 810