1524 605
1517 616
1521 614
1515 608
1517 601
1508 592
1513 594
1512 599
1518 596
1515 586
1509 587
1510 578
1501 583
1502 575
1493 582
1493 575
1486 576
1482 586
1478 580
1476 590
1471 584
1469 590
1474 568
1483 571
1467 577
1472 578
1464 579
1465 570
1466 562
1459 558
1453 567
1460 571
1458 576
1445 578
1450 585
1443 590
1452 591
1438 593
1310 579
1304 574
1301 580
1293 575
1290 583
1292 589
1306 588
1313 593
1309 602
1307 611
1304 621
1301 615
1294 608
1302 604
1300 596
1287 596
1288 671
1281 666
1283 661
1270 660
1269 667
1275 669
1265 663
1258 665
1262 673
1269 678
1271 681
1274 678
1277 675
1279 683
1283 677
1284 688
1278 691
1274 687
1270 693
1268 686
1261 688
1264 682
1261 696
1264 693
1269 700
1276 700
1272 705
1265 706
1267 673
1218 700
1210 702
1203 699
1203 711
1201 705
1197 702
1191 700
1199 695
1202 691
1195 689
1188 692
1183 689
1184 698
1198 681
1202 685
1204 677
1201 674
1204 672
1193 671
1195 663
1195 676
1187 676
1190 684
1183 681
1176 681
1173 675
1175 667
1180 672
1182 667
1186 661
1187 656
1181 650
1173 648
1176 653
1170 652
1164 652
1167 659
1173 660
1180 658
1140 654
1142 648
1140 646
1125 656
1119 651
1118 640
1122 634
1115 634
1110 638
1132 653
1132 662
1139 664
1135 671
1124 667
1125 661
1118 662
1122 674
1126 681
1132 680
1129 675
1128 692
1117 687
1103 705
1102 711
1096 715
1089 711
1096 703
1089 701
1084 705
1082 701
1079 706
1082 713
1085 720
1081 725
1095 724
1092 730
1084 733
1080 738
1085 739
1089 741
1094 738
1076 732
1073 647
1067 647
1057 648
1051 645
1043 649
1041 659
1051 657
1059 655
1066 655
1070 665
1062 666
1068 672
1060 673
1066 681
1060 678
1060 687
1065 690
1053 667
1047 676
1048 663
1055 663
1080 659
1038 762
1028 759
1021 752
1021 743
1018 737
1012 744
1012 750
1015 757
1020 761
1025 765
1003 763
1004 767
997 766
989 764
995 760
1002 756
1008 757
1005 749
1001 743
997 736
991 730
991 736
989 749
995 750
989 755
987 761
984 758
984 743
959 708
958 714
969 724
972 719
975 713
975 707
982 705
983 713
977 726
973 727
977 722
961 733
959 736
964 737
969 732
919 759
924 762
918 766
925 767
930 768
920 774
915 780
911 771
924 778
911 761
808 779
806 774
798 778
795 773
795 766
796 762
781 766
778 777
787 777
774 768
768 772
762 776
760 784
766 778
755 787
751 780
757 770
749 772
753 764
763 765
768 767
768 763
773 763
774 756
781 755
781 746
789 748
785 735
794 722
790 721
784 718
780 722
783 728
789 730
778 740
767 746
758 746
756 753
752 743
750 749
764 757
770 752
757 760
751 757
748 762
763 769
622 865
616 864
611 868
607 866
610 863
616 859
622 860
627 857
624 853
619 853
624 849
615 851
618 848
619 841
624 844
624 840
621 836
614 829
616 835
613 838
605 840
605 833
612 844
609 849
601 844
603 849
597 852
597 857
602 854
601 861
606 857
604 865
600 867
604 825
600 826
606 819
598 816
601 812
471 791
470 785
468 782
464 788
465 794
472 800
466 798
467 805
470 802
475 805
471 808
469 811
476 812
475 816
470 816
470 822
481 817
466 823
467 819
465 816
467 815
465 808
512 845
508 845
510 847
403 856
404 847
410 850
406 854
403 841
403 836
408 839
406 831
397 833
393 831
393 828
389 829
385 828
385 832
381 834
379 827
374 831
375 836
371 838
371 844
376 841
380 843
380 837
383 839
387 840
389 834
394 841
383 847
380 852
378 848
376 851
376 855
380 858
386 857
390 853
395 870
398 866
394 861