1914 544
1909 539
1916 538
1917 526
1908 522
1911 515
1915 518
1904 515
1907 508
1913 509
1911 502
1906 502
1906 550
1903 542
1899 548
1912 551
1914 556
1906 557
1899 557
1902 560
1904 563
1899 564
1903 567
1899 567
1895 565
1893 560
1851 599
1856 595
1852 593
1849 594
1845 596
1842 593
1845 589
1839 599
1834 593
1830 594
1832 601
1837 605
1842 608
1847 605
1844 601
1842 615
1836 611
1830 609
1823 613
1830 617
1830 626
1824 620
1776 657
1781 653
1774 650
1777 644
1775 640
1777 637
1783 633
1786 638
1785 630
1782 627
1780 625
1778 630
1776 624
1779 620
1769 612
1765 618
1769 623
1765 623
1761 621
1758 614
1763 612
1754 616
1758 618
1686 652
1682 652
1682 647
1687 642
1687 639
1693 638
1674 643
1682 640
1686 634
1682 631
1683 625
1691 629
1696 633
1696 627
1693 621
1684 620
1677 619
1670 623
1677 628
1674 632
1667 632
1667 626
1674 613
1682 613
1691 612
1690 607
1680 604
1686 601
1674 603
1676 599
1697 605
1656 632
1652 629
1662 637
1663 630
1660 626
1661 623
1649 621
1653 618
1646 616
1639 617
1641 607
1637 601
1647 598
1648 602
1652 596
1645 584
1651 581
1646 579
1644 590
1611 630
1613 625
1610 622
1605 625
1608 616
1613 616
1606 608
1600 615
1598 619
1598 627
1598 634
1588 633
1519 552
1521 546
1524 542
1521 540
1518 540
1515 549
1512 543
1462 680
1469 680
1473 675
1476 671
1470 673
1469 668
1463 674
1466 668
1459 669
1457 675
1449 621
1448 627
1447 612
1440 616
1451 613
1446 604
1454 608
1404 584
1407 591
1413 589
1412 583
1403 595
1398 592
1394 598
1383 601
1398 684
1399 689
1402 678
1396 676
1390 681
1383 677
1389 675
1386 686
1380 687
1376 682
1367 681
1378 702
1373 698
1380 695
1375 692
1379 717
1385 721
1386 709
1368 708
1362 704
1360 707
1366 699
1361 694
1356 699
1351 707
1345 704
1350 701
1341 706
1351 690
1343 686
1341 692
1336 695
1330 698
1327 693
1332 692
1329 688
1322 687
1320 683
1315 792
1314 784
1322 789
1328 786
1334 788
1337 782
1335 775
1331 771
1325 771
1323 776
1319 782
1319 777
1324 780
1320 770
1323 765
1328 763
1334 767
1339 764
1340 770
1344 766
1333 761
1322 757
1320 752
1324 751
1332 781
1243 705
1238 699
1235 707
1234 715
1233 722
1224 725
1225 717
1226 708
1132 743
1137 739
1130 734
1125 739
1122 730
1129 726
1134 723
1130 718
1101 724
1096 722
1087 724
1089 731
1097 729
1091 713
1102 708
1112 709
1094 708
1053 691
1046 693
1054 697
1050 698
1053 703
1058 708
1052 716
1045 714
1051 710
1040 711
1037 706
1036 699
1042 698
1043 705
1047 703
1057 717
1053 721
1047 720
1046 723
1053 727
1039 728
1044 729
1042 735
1036 739
1041 747
1049 742
1035 725
1031 741
1027 734
1034 732
1022 732
1026 743
1027 750
1003 762
1005 756
998 755
995 750
999 744
991 742
988 748
987 755
989 762
996 768
1001 770
998 775
993 777
990 770
986 772
988 775
979 770
982 767
990 810
984 804
989 801
992 806
982 797
988 795
985 792
982 784
987 787
915 788
902 791
906 813
905 819
908 825
916 827
916 820
917 812
922 813
919 805
924 806
928 813
879 791
872 785
867 780
870 792
874 807
879 801
882 798
865 805
868 799
860 797
862 790
857 787
856 779
851 779
850 788
845 781
846 789
846 793
849 796
854 794
853 801
856 808
845 803
851 811
849 816
856 815
866 814
756 793
749 789
761 787
766 787
761 781
759 779
753 784
752 778
748 761
756 765
743 756
739 761
738 768
747 768
751 757
765 777
769 784
747 775
399 854
398 850
400 848
401 845
396 847
392 851
391 845
392 841
395 842
398 838
399 835
387 836
392 835
393 832
398 829
404 829
406 823
399 824
393 825
396 821
388 828
384 824
387 821
390 819
384 812
382 818
380 824
376 824
376 821
376 830
380 830
385 832
301 883
303 884
306 882
308 880
312 876
314 875
300 874
301 867
292 866
296 870
306 870
309 866
275 844
278 846
281 842
278 841
277 836
281 837
279 832
284 830
285 840
289 837
291 838
292 834
293 831
291 826
290 822
286 826
283 824
285 821
312 837
311 833
310 830
308 832
304 841
307 842
220 920
220 914
213 924
214 923
213 919
212 916
209 922
210 925
207 913
205 913
209 915
210 918
211 908
212 907
213 911
216 913
219 910
217 907
208 908
184 868
178 868
179 865
183 863
180 862
182 860
184 860
177 858
180 857
177 853
180 851
182 846
184 847
184 851
185 852
188 849
176 849
177 845
179 843
182 842
183 842
176 839
175 835
173 834
178 833
182 835
184 834
181 829
177 828
174 829
179 825
175 825
175 823
178 821
181 822
182 815
171 821
173 815
176 814
152 852
151 849
154 847
157 843
157 848
160 840
160 836
154 835
154 838
154 843
150 845
119 873
116 874
121 872
114 869
118 864
115 861
121 862
126 872
98 859
94 856
91 859
88 855
86 857
89 865
97 865
92 865
95 869
96 872
92 874
64 859
61 856
58 857
58 854
46 855
46 859
45 862
40 867
38 860
39 862
39 857
42 857
43 849
37 850
34 851
30 851
30 864
32 870
33 863
30 860
32 844
33 847