1511 498
1512 491
1516 495
1505 501
1504 493
1505 486
1503 480
1499 475
1495 475
1495 485
1496 481
1497 487
1498 494
1500 499
1492 499
1489 493
1480 496
1485 488
1488 482
1491 486
1490 478
1490 470
1483 479
1477 485
1477 491
1474 498
1466 512
1468 504
1450 513
1456 522
1447 525
1451 532
1457 538
1461 531
1466 525
1469 531
1466 538
1471 547
1477 538
1480 545
1484 540
1487 545
1474 558
1458 554
1451 549
1448 556
1452 558
1444 560
1449 564
1458 565
1463 563
1465 557
1465 568
1467 572
1471 571
1474 569
1473 564
1480 570
1482 575
1473 576
1470 582
1472 582
1463 582
1463 588
1468 587
1478 591
1478 584
1483 587
1467 597
1458 595
1454 585
1459 578
1459 575
1451 571
1451 578
1443 573
1438 568
1439 581
1435 575
1432 582
1436 587
1429 589
1445 590
1437 596
1437 592
1450 598
1457 602
1442 601
1445 606
1439 609
1452 610
1460 609
1459 615
1455 622
1447 622
1444 615
1445 612
1154 628
1162 616
1156 605
1126 610
1130 619
1119 609
1127 602
1116 628
1122 624
1111 629
1125 642
1126 637
1135 656
1132 656
1139 663
1136 669
1131 669
1133 676
1133 682
1123 683
1126 677
1120 675
1117 678
1120 671
1125 666
1122 662
1121 654
1123 650
1120 646
1116 649
1110 650
1107 656
1109 662
1103 661
1108 642
1104 642
1107 637
1102 637
1094 636
1098 642
1092 626
1086 626
1077 627
1090 640
1088 654
1094 657
1086 663
1079 655
1081 670
1090 665
1092 670
1100 669
1097 665
1107 671
1104 679
1105 684
1105 689
1097 692
1092 695
1092 688
1085 688
1088 680
1097 676
1098 680
1099 686
1076 664
1046 667
1047 661
1044 653
1040 648
1035 649
1025 646
1029 659
1039 666
1023 670
1022 664
1070 762
1065 742
1062 749
1064 757
1013 641
1002 642
1008 633
945 663
952 660
953 656
938 680
935 675
928 671
932 668
936 662
934 658
941 658
934 648
925 660
923 654
926 646
922 644
913 653
917 649
919 662
917 667
913 658
912 636
907 647
934 640
940 652
904 688
899 681
891 682
892 670
900 672
884 675
882 681
885 686
887 683
884 667
884 663
878 665
873 669
875 681
870 677
891 697
892 696
877 687
880 692
882 696
890 702
884 706
881 703
878 698
862 686
866 692
870 687
858 692
859 675
853 678
846 677
847 688
831 694
832 689
828 688
825 683
818 681
815 682
813 688
815 692
820 688
821 695
823 694
819 699
826 699
791 661
787 653
788 655
781 645
783 645
776 640
773 637
769 646
767 653
772 654
771 648
795 698
794 703
805 705
777 732
772 729
779 740
776 741
766 736
763 730
754 726
752 732
756 738
736 729
735 738
730 732
725 732
726 728
717 725
714 731
719 735
723 739
723 745
728 742
732 744
725 751
731 752
741 747
747 754
750 750
753 758
746 762
740 758
734 759
728 759
726 762
717 760
704 759
705 764
711 762
709 773
714 769
715 775
735 782
735 774
732 776
737 769
727 773
725 769
728 766
744 784
745 780
744 773
729 784
726 790
726 795
736 791
739 788
741 793
405 752
401 742