1435 746
1429 739
1434 737
1365 773
1357 776
1373 758
1375 751
1352 752
1352 739
1358 743
1360 740
1356 731
1355 728
1359 723
1346 730
1349 722
1342 722
1342 732
1334 730
1336 724
1352 714
1358 708
1354 705
1354 698
1347 701
1345 690
1338 697
1334 687
1339 685
1330 692
1324 701
1326 710
1334 705
1334 715
1327 718
1339 707
1344 736
1311 829
1301 827
1292 818
1294 819
1299 813
1302 817
1306 813
1313 816
1310 807
1302 806
1293 806
1290 812
1287 803
1292 795
1299 797
1305 796
1310 799
1316 795
1324 786
1315 781
1308 782
1310 790
1300 789
1292 787
1299 780
1308 773
1299 773
1293 773
1298 767
1292 768
1286 773
1287 778
1270 721
1259 720
1263 714
1266 718
1268 711
1265 705
1268 702
1270 697
1263 700
1265 696
1258 692
1253 697
1246 699
1247 693
1248 685
1252 685
1244 684
1246 674
1253 670
1244 667
1247 661
1239 670
1234 664
1240 657
1237 679
1230 680
1226 671
1220 677
1211 680
1210 688
1202 685
1194 689
1206 693
1187 691
1181 690
1174 695
1170 686
1177 682
1168 678
1176 671
1183 677
1186 684
1193 677
1198 682
1201 673
1197 664
1204 665
1203 657
1209 659
1207 652
1217 654
1214 648
1205 644
1198 644
1199 635
1196 650
1193 657
1189 662
1185 650
1186 643
1178 647
1180 658
1174 654
1173 664
1168 661
1166 669
1163 657
1167 653
1169 642
1173 638
1177 637
1185 667
1191 669
1196 671
1007 724
1008 732
1013 729
1014 723
1008 717
1016 716
1007 709
1001 710
998 708
995 703
1003 703
1008 701
1001 697
993 697
991 689
996 690
986 694
986 703
991 709
988 715
985 709
993 718
992 725
999 727
999 733
1000 717
1009 793
999 788
1003 788
1002 797
999 802
1002 809
1007 807
1010 802
1014 805
1017 811
1008 813
1005 816
1002 822
1011 824
1003 830
1011 833
995 835
989 836
990 825
990 818
993 815
992 808
987 810
989 800
984 805
985 793
977 799
977 792
974 785
968 784
969 792
969 801
963 797
963 791
974 804
969 811
963 807
966 817
971 818
973 824
976 830
979 827
968 835
966 829
961 821
946 718
949 726
950 733
942 729
941 724
934 729
935 733
941 739
946 737
937 744
928 737
926 743
930 747
938 750
946 748
940 762
934 760
934 766
927 767
921 731
913 726
919 741
919 747
922 750
920 757
906 810
910 803
903 801
897 796
894 805
898 810
893 810
898 817
895 820
911 815
914 819
901 821
887 821
882 813
886 804
885 801
875 807
877 819
882 825
886 830
886 840
889 846
893 836
880 848
875 847
878 843
872 843
877 837
871 833
876 830
866 840
863 841
863 846
867 846
873 851
871 858
864 854
865 851
861 851
856 848
851 847
853 841
856 853
856 859
862 859
848 820
836 817
833 824
842 819
848 811
840 811
831 812
833 809
838 805
846 803
851 801
852 795
858 796
830 798
828 805
834 790
836 783
847 787
844 777
852 783
849 781
852 774
858 774
864 783
864 786
878 786
883 784
883 795
885 789
878 797
893 794
796 929
799 923
793 923
788 925
789 919
793 915
797 916
802 907
798 905
795 910
790 907
783 908
787 914
783 899
779 895
783 892
787 900
787 895
794 894
795 899
801 896
803 893
796 889
789 887
784 884
775 884
778 877
772 878
775 870
782 868
787 877
789 871
795 870
802 866
795 879
801 878
801 885
809 881
808 873
808 866
813 868
814 873
788 852
791 845
782 845
782 855
775 853
775 847
773 840
778 840
776 834
780 834
788 837
770 854
766 858
762 856
764 850
765 846
760 845
754 850
757 855
759 849
729 862
722 857
722 849
729 846
725 848
729 852
718 846
711 848
717 852
716 856
733 858
732 878
724 879
713 886
713 893
711 876
715 867
721 867
707 864
707 859
703 862
701 851
693 857
686 841
682 846
679 843
677 847
675 837
681 836
682 832
687 830
687 826
683 820
680 826
673 831
673 826
671 820
677 821
674 815
667 815
676 808
679 802
688 803
683 807
684 802
657 894
659 900
661 906
658 907
653 903
645 907
646 900
641 903
640 901
635 906
637 913
631 910
627 908
630 903
636 897
639 891
644 892
646 886
633 891
630 885
629 895
626 900
622 906
620 911
623 916
624 913
628 916
617 904
615 904
611 899
611 896
615 892
621 896
626 892
621 884
627 878
618 879
620 872
623 869
622 863
617 866
612 866
612 872
604 867
607 876
609 881
610 886
615 885
604 892
601 889
602 883
599 878
595 882
597 887
594 891
587 882
587 876
580 879
578 874
580 870
577 867
571 869
566 869
564 873
568 876
566 880
561 880
570 884
574 879
579 886
584 890
578 890
582 896
577 899
577 906
571 906
571 900
573 894
573 890
566 895
567 889
564 884
578 916
572 928
575 935
568 935
573 942
568 944
566 948
569 955
574 954
574 958
578 948
580 955
563 953
552 956
548 951
544 950
545 943
549 943
548 939
550 948
539 947
539 940
535 936
530 939
535 930
536 925
542 936
546 930
545 924
540 928
546 962
545 956
541 960
486 904
484 909
480 907
477 905
474 906
478 915
471 911
467 907
463 905
465 897
470 897
470 901
473 895
476 899
479 894
473 888
468 892
458 889
463 888
463 883
465 878
461 875
458 879
456 882
454 884
458 872
460 870
454 878
446 883
447 880
442 878
436 882
432 875
428 879
421 872
417 876
418 880
405 871
399 876
405 876
407 882
402 889
409 888
406 895
403 895
407 893
413 897
425 927
427 930
426 936
430 938
430 942
426 940
425 947
421 941
418 938
420 934
415 921
418 924
409 926
407 919
403 927
403 930
408 933
405 936
406 941
412 937
411 942
415 944
418 946
414 949
413 953
411 949
406 948
410 946
406 956
411 960
415 964
411 963
413 968
408 968
411 972
413 974
415 976
416 970
418 969
421 966
422 975
420 978
418 983
412 984
410 980
413 978
414 980
417 980
405 973
409 974
397 975
393 971
395 966
397 970
400 965
405 963
402 958
398 959
397 957
403 953
415 957
420 958
394 930