1891 515
1891 510
1885 513
1884 510
1879 513
1879 518
1881 522
1885 522
1897 507
1890 505
1885 501
1882 505
1891 501
1902 504
1904 511
1901 517
1909 515
1910 512
1820 546
1813 545
1817 551
1811 548
1808 549
1803 545
1799 542
1797 540
1795 539
1793 545
1797 547
1760 575
1754 568
1766 572
1770 568
1765 561
1758 562
1753 559
1749 564
1743 563
1744 557
1739 558
1734 563
1736 570
1741 577
1747 573
1745 570
1749 581
1734 576
1728 576
1729 572
1729 569
1722 570
1719 569
1718 561
1717 573
1719 578
1720 583
1723 581
1714 585
1711 578
1708 571
1712 570
1709 566
1705 566
1722 619
1716 621
1710 618
1711 624
1707 629
1711 631
1717 634
1717 630
1723 626
1727 625
1728 634
1731 637
1722 639
1720 643
1724 646
1715 650
1714 643
1711 638
1708 645
1708 650
1704 647
1709 655
1704 658
1704 666
1711 668
1708 663
1714 660
1720 657
1722 659
1725 653
1721 651
1727 642
1722 632
1731 630
1718 615
1658 596
1652 598
1650 590
1658 589
1650 582
1643 586
1648 579
1659 580
1650 577
1654 577
1590 548
1583 544
1575 546
1587 539
1583 534
1580 537
1579 530
1587 528
1572 551
1581 555
1585 553
1556 620
1551 625
1553 634
1557 629
1563 624
1558 610
1552 606
1549 615
1545 622
1542 614
1548 610
1536 612
1530 608
1527 599
1519 594
1515 599
1513 605
1516 612
1511 617
1506 612
1506 606
1515 622
1506 623
1522 613
1521 607
1454 646
1462 645
1452 639
1456 636
1461 636
1462 632
1466 631
1469 625
1461 624
1458 617
1464 617
1471 619
1477 621
1477 616
1476 610
1472 610
1467 606
1460 601
1458 596
1465 594
1468 601
1472 598
1472 592
1468 588
1475 585
1476 592
1479 596
1483 601
1481 607
1474 627
1471 634
1449 643
1443 642
1448 636
1448 633
1439 635
1441 630
1434 635
1425 632
1427 626
1421 638
1426 638
1434 641
1432 647
1425 646
1420 647
1419 654
1424 652
1433 654
1442 652
1433 664
1425 668
1422 664
1429 660
1430 695
1434 688
1438 694
1434 701
1434 706
1426 702
1422 705
1423 714
1431 712
1426 722
1435 719
1441 725
1441 716
1444 711
1435 728
1382 727
1372 728
1369 721
1367 724
1369 716
1382 719
1380 711
1377 705
1370 700
1370 689
1358 694
1352 699
1355 706
1353 709
1311 717
1313 710
1317 704
1310 700
1309 705
1304 710
1299 701
1303 716
1297 718
1293 712
1295 706
1289 709
1292 700
1285 703
1283 698
1279 691
1278 707
1274 702
1281 712
1287 716
1290 720
1279 718
1275 714
1274 721
1287 726
1290 732
1280 735
1276 736
1276 729
1285 741
1274 687
1278 683
1279 686
1270 681
1168 692
1163 683
1163 671
1166 679
1149 684
1155 683
1164 701
1155 705
1152 709
1149 712
1158 713
1163 711
1145 717
1151 719
1156 724
1147 726
651 814
645 817
650 822
655 823
657 821
654 817
657 825
658 828
661 834
657 840
653 833
653 829
641 809
637 805
634 802
630 806
633 814
632 820
634 828
629 832
634 831
635 838
638 839
639 830
642 824
645 858
644 853
638 858
642 848
640 845
646 846
649 841
642 840
643 837
649 835
645 829
625 824
618 819
622 816
628 812
628 818
614 816
617 811
618 806
502 844
508 845
505 848
504 852
500 848
509 839
509 837
503 838
510 852
513 848
514 851
514 852
516 849
517 852
487 840
484 841
483 832
479 827
476 826
474 830
477 832
477 838
473 838
470 840
468 843
468 846
466 847
468 851
464 856
470 858
473 853
475 856
477 850
481 851
483 845
479 843
480 841
455 847
450 848
445 844
450 841
458 838
461 843
454 853
453 855
453 860
451 863
441 840
424 873
423 877
420 879
415 877
416 873
414 870
418 867
422 870
426 867
427 866
421 865
412 859
408 851
356 962
365 957
365 949
355 952
347 950
343 949
340 946
346 942
348 939
355 942
354 935
349 936
359 955
307 899
302 895
307 892
303 890
307 887
310 891
313 888
308 884
305 883
304 886
301 884
305 879
308 878
313 876
313 871
308 872
304 876
301 876
300 870
305 867
308 865
312 864
312 858
315 857
306 860
302 860
306 856
303 853
304 850
309 850
303 846
307 845
304 841
309 842
313 845
318 849
320 855
318 861
320 864
268 882
266 877
266 870
271 871
270 867
270 862
267 863
267 856
273 858
276 855
277 859
275 862
277 865
275 867
277 872
280 870
281 863
281 860
279 856
278 851
278 847
275 849
272 848
270 850
274 846
270 845
270 855
241 867
239 863
241 862
237 863
235 859
230 861
230 855
235 854
231 852
233 846
236 846
229 845
224 847
224 838
223 842
220 851
224 854
225 850
240 857
241 856
244 859
213 870
214 866
209 867
211 862
218 869
218 874
223 876
226 882
229 886
229 891
218 885
219 880
214 879
224 895
215 897
220 896
220 902
218 902
216 904
210 900
209 905
206 902
204 906
208 910
211 910
215 909
218 914
220 909
221 914
217 918
214 918
212 903
192 895
187 893
189 889
184 887
181 888
180 891
179 895
173 889
171 893
173 897
174 901
176 907
178 910
179 914
180 909
181 915
184 918
183 910
181 906
185 906
186 901
181 901
190 901
190 905
191 910