1497 502
1502 511
1497 513
1495 519
1492 516
1490 505
1485 500
1487 497
1480 501
1477 502
1479 511
1482 507
1485 516
1478 519
1471 520
1471 511
1464 510
1458 509
1462 504
1454 515
1450 522
1458 525
1466 524
1464 529
1474 528
1481 529
1489 527
1492 534
1489 548
1493 554
1478 554
1479 562
1469 558
1474 549
1468 545
1474 544
1480 547
1482 539
1473 538
1464 539
1489 541
1496 538
1496 527
1495 524
1472 568
1463 565
1458 566
1464 576
1466 581
1469 583
1464 592
1466 588
1461 587
1460 581
1458 576
1446 572
1443 580
1441 592
1458 599
1459 607
1465 602
1461 614
1456 617
1465 609
1443 602
1437 599
1431 583
1435 579
1437 571
1432 576
1432 572
1424 579
1429 581
1424 585
1427 590
1431 590
1435 595
714 998
715 992
711 992
710 997
706 996
705 991
710 987
712 982
705 984
699 990
701 994
698 981
694 983
698 985
692 987
706 977
701 976
708 974
709 971
704 968
708 965
712 963
706 956
706 951
707 946
710 955
701 953
703 959
701 966
697 961
692 965
695 968
693 974
691 980
686 981
683 979
687 975
681 974
683 969
687 970
678 968
682 963
687 964
690 957
694 954
696 951
699 948
702 947
698 944
696 944
696 941
691 945
692 936
693 932
687 933
689 929
687 925
691 923
691 919
698 916
701 920
692 912
696 906
698 912
697 911
701 910
700 907
703 908
697 902
694 903
693 897
689 893
685 898
688 901
688 907
686 913
686 918
682 906
678 907
674 902
678 898
672 907
666 909
667 916
672 914
676 919
672 923
678 913
683 930
683 938
688 941
604 922
609 918
607 916
607 909
595 933
596 930
596 928
591 930
591 928
591 925
591 922
587 931
586 927
586 923
583 917
587 918
583 910
573 912
576 908
578 913
568 912
572 903
570 897
564 897
568 902
562 902
558 896
557 902
562 908
557 908
556 914
560 919
563 918
562 914
566 917
565 923
559 924
561 929
557 930
555 923
554 926
549 927
552 932
556 935
557 939
548 937
541 934
545 931
543 929
538 927
544 923
537 923
539 920
543 919
544 915
538 917
549 918
549 913
549 909
549 903
553 905
550 894
546 896
543 895
545 889
540 893
539 888
536 890
531 891
529 893
532 901
537 898
541 906
544 900
536 910
531 909
526 902
527 908
524 910
520 904
519 900
523 898
526 879
526 873
519 867
513 868
509 865
504 867
503 877
510 859
506 855
502 852
498 864
496 871
496 879
497 883
503 889
502 887
507 892
502 896
495 897
494 894
498 890
494 888
490 884
489 875
489 868
490 861
495 861
494 855
489 854
482 854
484 856
480 862
478 857
479 868
482 872
477 871
475 868
471 862
473 859
473 857
544 814
547 811
547 807
544 819
548 821
549 818
538 818
537 813
529 814
524 811
527 816
514 815
518 812
521 816
517 809
516 805
512 807
511 805
503 804
501 809
499 809
466 895
466 892
462 895
463 890
459 884
458 889
454 887
453 892
454 911
451 907
447 902
442 904
441 912
439 918
447 915
446 909
441 899
444 897
439 893
436 893
441 891
435 890
434 897
433 901
437 901
438 906
433 913
432 910
432 907
428 909
427 915
427 921
431 917
421 915
424 911
421 909
423 908
421 905
423 900
427 903
429 899
428 894
428 892
422 895
427 889
427 887
418 890
415 885
420 884
422 882
426 953
424 948
423 946
422 942
420 935
424 932
417 928
420 923
420 921
431 925
433 923
419 951
417 958
414 956
410 952
415 946
419 945
417 940
411 943
410 937
404 941
406 947
401 953
407 957
410 960
407 965
408 970
413 967
414 965
403 961
397 953
398 948
394 948
392 946
400 944
396 941
393 936
398 935
402 936
402 933
408 932
406 928
411 927
412 931
414 929
414 924
416 920
412 918
410 922
406 922
408 918
412 912
414 910
415 905
415 900
412 901
404 900
404 908
408 909
407 905
402 916
400 923
400 912
398 906
402 901
400 896
404 894
401 891
396 900