1473 586
1474 595
1464 589
1469 582
1472 574
1469 567
1465 573
1454 570
1448 575
1449 579
1456 581
1447 588
1455 589
1451 603
1457 602
1462 607
1465 598
1468 604
1465 613
1449 594
1423 691
1419 696
1415 689
1420 686
1425 684
1432 683
1431 692
1438 681
1434 675
1429 678
1423 678
1426 672
1416 666
1414 658
1420 655
1426 653
1424 660
1432 653
1435 659
1430 662
1432 668
1437 670
1440 670
1435 664
1424 665
1421 669
1417 675
1417 682
1356 665
1353 672
1359 670
1362 669
1351 679
1357 682
1354 687
1361 689
1362 696
1367 693
1363 705
1359 709
1357 710
1355 703
1351 710
1346 713
1346 709
1346 703
1349 702
1348 705
1347 698
1347 692
1352 697
1340 697
1341 689
1346 686
1346 683
1340 681
1348 674
1343 666
1349 662
1352 665
1353 659
1350 655
1344 659
1343 653
1343 647
1334 645
1327 642
1333 639
1322 643
1319 647
1324 650
1331 650
1331 658
1328 662
1330 665
1333 672
1335 663
1339 659
1339 673
1342 677
1358 694
1338 640
1302 644
1294 641
1294 627
1280 629
1288 627
1282 641
1274 644
1287 635
1287 646
1285 650
1292 653
1286 656
1296 660
1281 662
1285 673
1291 670
1287 663
1274 654
1280 650
1274 625
1273 659
1275 677
1283 680
1236 730
1231 735
1241 733
1245 728
1239 723
1246 720
1231 722
1236 716
1242 710
1250 714
1252 705
1254 709
1259 706
1257 701
1264 701
1262 698
1252 694
1249 691
1258 687
1243 687
1246 684
1235 696
1238 703
1246 702
1235 703
1234 709
1228 706
1228 699
1228 712
1248 653
1251 646
1242 646
1232 642
1232 634
1223 644
1223 637
1216 631
1217 647
1216 639
1212 638
1208 643
1202 646
1203 638
1209 651
1205 658
1205 653
1212 659
1220 656
1227 653
1234 653
1230 661
1239 657
1237 661
1223 660
1223 665
1221 675
1225 682
1218 683
1227 669
1233 668
1213 667
1213 673
1218 669
1195 714
1189 712
1182 716
1178 710
1170 706
1180 749
1172 740
1174 733
1180 734
1187 737
1168 729
1165 735
1165 740
1164 745
1159 754
1156 759
1156 745
1159 740
1155 732
1160 729
1153 724
1157 718
1152 718
1158 714
1163 725
1150 739
1149 749
1141 754
1148 757
1143 744
1142 739
1144 727
1138 725
1139 734
1144 719
1130 703
1123 703
1114 677
1120 683
1118 691
1108 687
1105 694
1112 696
1106 701
1111 705
1118 709
1121 716
1112 723
1112 726
1105 724
1105 706
1102 704
1102 693
1103 682
1086 708
1080 715
1079 712
1087 714
1072 759
1078 758
1071 753
1074 749
1067 749
1067 744
1070 740
1066 737
1058 733
1061 742
1058 746
1053 746
1053 739
1055 754
1062 757
1055 763
1062 770
1067 765
1057 777
1063 779
1067 776
1050 768
993 673
987 676
984 674
960 685
931 718
927 714
932 709
913 722
920 728
920 735
909 730
901 727
901 724
912 742
903 751
900 737
888 735
881 728
878 738
885 744
888 749
895 748
893 754
887 759
883 754
880 748
879 760
891 767
888 773
883 768
880 777
878 773
875 769
898 757
899 763
904 760
908 764
914 767
918 767
921 763
923 757
725 860
720 859
726 856
724 852
719 852
716 849
720 845
724 848
727 843
722 841
727 838
722 836
716 831
725 827
728 825
725 824
717 826
714 822
711 827
709 823
707 832
711 835
715 838
713 843
707 840
703 843
706 837
700 840
700 837
697 844
695 852
701 850
705 846
700 856
698 861
706 857
707 851
712 857
714 855
715 863
711 817
702 821
705 818
703 817
699 819
697 816
701 814
707 813
698 808
702 806
703 803
700 801
547 775
553 769
553 777
560 772
554 781
563 780
550 785
555 786
547 780
543 791
548 794
550 791
553 790
556 790
560 793
554 795
560 802
563 787
559 787
565 793
568 793
553 800
551 800
547 802
544 806
548 808
552 807
551 812
554 812
558 807
559 810
564 808
567 808
569 802
564 802
552 818
546 813
548 820
549 825
548 822
555 821
557 814
483 827
478 824
474 821
475 840
475 848
461 863
457 849
448 850
445 845
450 843
454 844
461 843
454 838
448 839
444 842
444 838
443 835
446 831
451 834
453 828
458 830
460 825
465 821
459 819
456 821
454 822
450 826
446 824
451 818
449 820
442 828
404 879
405 873
399 878
395 876
396 871
400 873
399 870
404 882
400 885
397 887
395 881
394 888
397 894
405 896
400 898
406 888
411 884
423 881
426 882
429 879
427 875
422 874
419 877
416 872
412 871
413 878
376 865
383 867