1194 791
1223 782
1220 775
1214 774
1207 775
1209 771
1204 771
1197 772
1198 766
1190 749
1189 742
1198 746
1198 741
1196 733
1195 725
1182 730
1181 721
1171 732
1174 737
1166 735
1166 730
1160 739
1162 735
1161 743
1167 744
1173 749
1179 745
1099 744
1086 745
1076 745
1075 754
1081 752
1084 753
1084 758
1088 759
1071 762
1063 769
1058 766
1056 774
1054 779
1048 777
1050 783
1051 771
1044 769
1045 760
1052 761
1051 756
1058 756
1061 761
1064 756
1067 756
1068 758
1067 752
1070 747
1071 742
1072 738
1066 735
1065 743
1057 743
1057 748
1062 749
1052 751
1046 753
1038 756
1038 762
1037 768
1034 757
1036 748
1038 742
1042 746
1047 741
1053 741
1052 745
1058 736
1061 728
1055 728
1053 722
1049 718
1048 730
1041 727
1038 734
1041 736
1032 748
1023 742
1033 733
1029 727
1034 725
1029 711
1020 703
1007 702
1007 712
1011 712
1001 703
1001 694
1006 689
1014 692
1013 687
1022 692
1026 695
978 754
982 748
978 745
982 742
972 749
966 744
967 736
959 736
962 731
971 730
973 738
979 736
981 730
981 721
986 726
986 720
994 728
1000 728
995 721
991 717
984 708
993 706
990 698
979 715
971 721
965 723
957 723
957 717
964 717
955 713
962 713
962 704
972 713
972 707
973 701
966 698
956 707
952 706
956 700
955 693
957 688
964 687
961 692
969 691
972 683
974 687
976 691
978 695
981 700
986 692
982 687
981 683
970 676
964 677
959 680
1042 633
1037 628
1027 632
1028 624
1020 629
1017 632
1021 636
1033 639
1027 649
1020 646
1006 637
1008 635
1004 630
1011 630
1014 641
1016 652
891 808
892 806
892 802
884 801
881 805
889 796
889 788
881 786
877 793
876 786
888 780
894 781
892 775
883 775
887 770
888 766
895 766
891 759
897 756
898 758
864 787
866 783
857 793
861 800
859 785
854 785
863 776
861 772
869 772
865 764
857 756
848 763
844 758
849 758
840 764
855 763
853 766
847 769
862 755
854 779
844 747
850 800
844 797
842 791
843 787
845 791
846 786
847 781
844 775
839 775
842 781
833 768
834 765
833 767
830 766
832 760
830 770
835 772
833 777
827 774
821 777
819 782
822 788
824 782
832 782
838 784
837 787
830 790
827 794
832 797
839 797
838 801
813 784
815 791
807 788
807 795
812 802
820 797
819 803
825 806
833 804
826 800
840 804
843 805
838 809
835 816
844 812
841 815
842 820
846 820
844 827
850 830
849 824
846 833
849 837
845 840
840 841
833 837
838 833
835 826
830 831
828 820
822 821
824 813
820 810
838 871
833 868
834 874
830 872
825 868
823 863
827 855
830 859
833 860
838 863
841 858
836 854
838 848
843 850
837 844
832 849
831 843
825 846
827 838
820 849
819 843
815 844
814 838
820 838
816 833
821 832
820 827
814 827
808 829
815 821
815 818
815 812
809 815
811 819
802 816
801 809
805 810
796 806
792 804
798 796
796 790
792 794
791 791
791 785
796 783
800 778
792 779
786 785
784 788
796 836
802 835
802 824
794 823
797 817
793 817
789 815
782 812
775 807
778 803
785 801
782 796
778 791
773 793
773 797
772 801
766 797
764 806
772 814
768 819
770 823
776 817
778 821
783 826
787 832
790 822
786 837
780 839
775 836
775 831
767 835
771 829
766 842
775 846
779 848
784 853
790 854
785 860
782 866
776 862
776 853
769 850
760 849
760 840
749 849
749 838
739 841
741 839
744 842
724 839
727 844
723 854
728 854
732 856
729 860
733 852
737 855
740 852
718 861
722 867
725 870
720 873
714 871
715 877
709 874
702 873
705 866
706 869
700 870
712 862
709 852
704 855
700 860
710 847
717 842
709 835
703 832
701 841
693 832
698 846
669 794
665 790
669 785
665 780
657 800
654 806
645 807
648 797
663 804
677 884
672 885
668 881
675 879
673 875
669 872
664 874
660 872
661 867
667 869
668 869
672 865
669 862
667 861
666 968
662 971
656 967
661 965
664 961
669 959
669 963
666 955
661 956
658 961
654 962
650 957
654 956
658 951
653 946
657 943
650 952
647 950
641 945
646 943
650 941
654 935
651 930
654 926
652 921
647 936
642 936
636 939
634 932
631 935
633 928
638 927
641 931
647 929
645 924
646 917
653 915
642 912
634 918
634 912
635 923
633 966
638 966
640 960
638 954
633 960
628 959
629 950
629 948
633 945
627 937
622 931
626 927
625 922
620 925
620 918
617 911
623 912
619 981
621 985
625 977
626 973
619 973
613 975
610 980
608 971
609 966
608 958
614 960
614 967
622 964
623 969
628 966
620 956
617 950
614 955
617 942
623 942
611 946
610 952
603 954
601 948
596 952
590 955
591 942
596 942
596 945
601 942
606 943
606 936
610 939
600 934
598 939
594 936
602 925
605 930
609 928
613 937
601 920
606 896
605 892
606 886
603 878
602 873
608 873
607 866
600 865
595 863
594 869
592 874
597 880
588 870
589 865
586 864
589 860
596 897
598 902
601 901
600 896
592 899
588 898
589 891
592 888
589 884
585 885
582 887
582 880
585 879
581 876
564 863
560 868
557 862
560 856
554 852
553 858
549 854
551 848
555 843
559 847
561 843
561 837
553 840
553 831
558 829
561 822
552 823
557 813
550 816
546 820
551 809
541 813
538 822
536 825
541 832
545 829
546 838
548 843
542 843
546 847
544 852
537 838
536 813
544 809
531 923
536 925
529 931
526 933
529 938
532 935
539 943
535 949
538 955
522 946
519 941
513 946
510 943
511 937
513 933
517 934
518 929
522 928
518 924
510 926
514 917
520 918
520 911
525 912
529 916
530 911
532 906
528 904
518 905
520 899
516 903
513 908
522 894
524 895
526 890
518 895
528 899
535 896
510 912
503 911
505 906
512 869
515 862
511 864
510 858
515 855
517 859
474 979
471 982
467 985
465 982
462 985
457 979
460 975
461 973
458 970
452 970
455 964
462 965
459 962
447 965
441 968
433 966
434 961
442 961
443 957
448 960
445 955
447 951
442 950
445 943
445 945
448 941
451 947
454 952
456 956
460 956
463 959
464 956
468 962
470 957
470 950
465 951
460 951
461 946
459 945
466 946
469 943
473 947
479 951
464 942
454 935
453 940
460 930
449 934
443 938
438 941
440 935
435 937
435 933
429 931
433 928
435 925
427 926
427 921
428 917
435 917
437 912
432 913
441 917
444 914
448 916
445 919
449 921
452 927
462 924
464 929
467 927
470 935
463 934
447 928
443 928
444 923
439 928
428 899
433 903
435 900
430 895
431 889
425 889
424 896
420 898
417 894
416 890
421 893
419 888
414 889
416 884
412 882
415 877
420 876
422 881
413 874
412 872
409 875
405 871
410 867
404 865
402 867
576 891
576 895
574 901
580 899