1346 657
1353 654
1356 647
1348 645
1352 639
1344 650
1338 652
1342 643
1338 641
1341 633
1331 638
1331 632
1325 628
1318 632
1318 641
1325 640
1315 647
1312 643
1324 653
1331 652
1330 645
1335 646
1324 646
1274 695
1262 692
1254 690
1252 682
1268 683
1271 700
1273 705
1278 675
1286 674
1255 670
1259 670
1263 665
1258 660
1262 654
1261 649
1253 646
1251 653
1247 652
1242 664
1236 657
1249 666
1252 658
1256 653
1259 641
1258 638
1251 635
1245 636
1242 639
1247 644
1237 645
1239 650
1193 640
1194 630
1187 634
1199 624
1204 616
1197 611
1178 639
1188 644
1195 646
1173 632
1180 630
1181 647
1184 652
644 946
650 944
652 948
648 953
643 962
643 966
647 965
641 955
639 951
636 945
631 948
632 938
626 943
484 907
487 903
481 912
473 907
474 902
480 904
491 899
488 897
491 894
485 896
485 892
479 894
479 889
485 886
488 884
479 884
478 877
484 877
488 873
490 875
482 869
478 871
473 867
472 870
470 873
472 876
475 874
474 881
469 886
464 879
458 885
464 891
464 887
471 851
473 849
478 846
480 841
485 847
485 844
474 897
473 892
433 845
435 850
427 841
427 849
438 840
433 839
435 834
432 828
428 834
425 827
421 825
424 820
429 819
432 823
382 810
381 804