1508 669
1504 661
1502 667
1513 573
1506 580
1516 578
1504 571
1509 564
1517 566
1519 568
1513 558
1503 558
1506 548
1495 555
1493 547
1499 549
1493 562
1496 573
1504 565
1507 599
1470 603
1472 596
1465 595
1457 598
1462 603
1453 598
1451 594
1458 590
1458 584
1466 586
1472 589
1474 580
1466 577
1467 570
1472 570
1473 566
1468 565
1448 583
1451 576
1458 571
1453 567
1462 565
1455 560
1461 557
1466 550
1469 549
1470 542
1474 546
1474 549
1463 543
1460 539
1454 544
1457 551
1447 563
1448 554
1446 546
1452 534
1444 530
1444 536
1435 535
1438 545
1438 552
1435 559
1437 566
1434 574
1425 573
1428 586
1421 581
1420 591
1425 592
1434 582
1434 591
1424 617
1419 615
1417 605
1422 608
1422 622
1416 623
1412 618
1405 615
1402 608
1408 609
1409 601
1398 602
1398 597
1401 591
1389 597
1385 606
1379 612
1383 618
1388 614
1389 619
1394 607
1396 617
1394 623
1398 629
1405 626
1403 623
1408 625
1404 634
1395 634
1395 639
1399 642
1393 648
1393 654
1386 655
1385 646
1390 628
1386 625
1377 653
1377 644
1370 656
1372 663
1377 658
1364 646
1359 654
1361 662
1365 669
1359 669
1350 669
1355 662
1356 660
1351 649
1341 648
1345 654
1347 662
1350 658
1357 677
1363 674
1363 681
1359 686
1355 687
1352 693
1361 693
1350 681
1347 688
1346 678
1341 681
1342 669
1337 669
1338 660
1338 654
1334 649
1343 641
1350 641
1331 656
1331 662
1328 672
1393 706
1387 705
1386 701
1385 690
1392 692
1405 691
1397 686
1400 682
1392 678
1392 670
1386 675
1382 681
1381 688
1383 696
1305 659
1310 661
1309 652
1299 658
1303 650
1297 652
1296 643
1303 642
1310 636
1305 625
1300 630
1299 624
1297 617
1303 613
1297 610
1308 611
1307 619
1289 651
1287 639
1273 634
1268 644
1288 668
1286 659
1282 659
1277 664
1276 669
1271 664
1272 674
1271 682
1278 688
1282 681
1283 670
1213 727
1210 722
1212 718
1219 720
1223 726
1226 724
1228 718
1226 711
1217 713
1210 709
1214 700
1218 707
1221 701
1228 697
1229 705
1235 708
1232 711
1242 706
1236 701
1241 697
1246 702
1252 697
1260 694
1250 691
1243 691
1248 684
1252 680
1245 679
1240 682
1236 682
1234 690
1233 697
1228 689
1230 682
1229 677
1232 671
1221 672
1223 682
1221 686
1220 692
1211 693
1208 703
1205 708
1207 716
1208 688
1214 682
1208 680
1213 672
1217 677
1214 667
1206 673
1207 666
1204 680
1177 647
1178 653
1170 649
1167 644
1160 649
1164 655
1158 658
1153 652
1152 660
1160 666
1167 665
1170 660
1179 662
1184 658
1182 668
1172 668
1167 674
1178 673
1177 680
1171 679
1165 682
1172 686
1159 682
1162 677
1161 687
1159 689
806 892
811 896
835 893
832 886
839 889
844 897
845 900
850 899
774 884
769 889
767 884
761 886
760 881
767 878
771 873
775 867
769 864
765 869
761 864
763 857
770 856
765 850
761 844
765 842
756 857
753 863
746 862
749 856
743 858
754 848
759 837
752 839
752 832
744 835
739 837
745 843
740 848
736 845
732 848
736 853
732 857
737 860
723 952
736 865
740 868
737 872
755 870
712 948
713 942
723 942
716 938
710 937
713 931
707 932
717 933
725 933
720 928
724 923
730 918
734 916
732 923
731 910
723 912
726 907
718 919
713 925
704 922
711 917
710 910
716 912
717 905
717 899
710 897
710 905
704 905
704 901
728 947
730 939
709 811
708 818
702 813
697 814
695 806
688 809
690 804
700 802
703 807
708 801
708 805
669 795
666 789
665 800
662 797
658 792
658 784
653 785
650 790
645 795
648 801
654 797
660 803
659 807
646 813
643 806
650 806
638 812
639 818
635 822
631 815
627 819
626 812
631 807
636 805
641 800
646 785
640 785
647 778
639 776
635 782
636 792
632 796
630 791
633 788
628 803
626 799
626 806
664 767
670 762
676 759
683 755
686 753
528 913
527 909
521 915
516 914
521 909
524 904
527 898
526 891
522 896
519 898
517 904
511 910
510 902
511 897
515 893
520 887
510 891
506 888
507 885
512 883
509 881
501 877
504 893
505 899
499 899
499 903
504 904
501 910
506 907
505 914
512 916
514 920
499 915
496 912
496 906
497 886
490 885
539 835
531 833
525 835
533 840
532 825
525 822
521 818
520 814
526 810
534 808
513 813
510 817
509 809
516 818
513 822
515 824
514 828
519 823
522 829
474 815
469 815
470 808
473 808
482 819
476 821
472 820
465 818
468 823
463 822
467 827
469 828
475 827
480 827
477 832
472 832
472 838
467 840
475 846
480 841
482 836
487 833
488 840
484 843
485 852
478 851
474 859
479 861
488 863
477 866
470 850
492 853
486 858
483 847
467 846
475 909
480 902
475 897
473 894
470 900
470 906
466 896
462 892
459 897
456 891
454 897
451 891
448 885
450 882
453 878
456 882
457 877
460 878
460 882
453 875
449 876
443 876
442 881
446 897
443 891
453 903
460 904
455 918
446 916
451 925
457 925
460 924
464 924
454 929
447 933
448 928
444 930
444 926
439 927
440 924
440 919
448 920
454 913
452 909
448 913
437 889
437 885
433 883
438 879
433 875
436 872
438 869
443 870
446 866
427 905
428 902
426 897
428 895
430 900
435 896
433 892
415 874
412 868
408 867
411 880
408 875
409 884
415 886
412 890
406 887
402 883
400 876
403 874
403 868
396 871
393 873
391 878
390 885
395 884
391 890
398 889
400 890
397 899
396 894
402 897
403 900
409 899
412 898
409 893
417 898
417 902
413 904
406 906
400 905
416 916
410 915
407 915
403 911
405 910
423 914
415 921
411 919
401 915
397 910
419 909