1521 626
1520 631
1526 627
1523 620
1519 618
1515 632
1525 634
1517 638
1513 637
1517 645
1508 649
1523 648
1524 641
1517 652
1502 624
1507 618
1503 614
1501 620
1496 622
1494 610
1489 612
1486 607
1492 605
1497 603
1500 595
1504 601
1492 596
1485 600
1481 593
1486 587
1494 585
1501 588
1496 578
1501 572
1495 564
1489 570
1485 577
1479 567
1483 564
1476 577
1479 584
1473 588
1472 583
1477 559
1473 701
1465 699
1458 703
1459 693
1451 689
1453 683
1458 678
1462 685
1466 690
1469 684
1470 691
1473 695
1454 697
1475 688
1474 678
1467 677
1467 668
1473 671
1478 666
1471 662
1469 655
1477 652
1483 658
1468 646
1462 652
1461 643
1464 641
1454 648
1446 646
1448 659
1455 660
1463 661
1461 670
1454 668
1449 676
1446 680
1403 613
1400 606
1405 600
1408 606
1406 595
1406 591
1401 592
1402 584
1407 584
1397 585
1394 592
1398 594
1393 597
1389 585
1389 578
1392 574
1388 572
1383 570
1386 561
1387 565
1383 549
1394 556
1392 546
1385 534
1381 541
1372 550
1378 549
1378 556
1369 558
1371 566
1376 564
1401 556
1362 530
1363 538
1358 541
1356 535
1354 526
1345 526
1334 525
1338 533
1345 535
1345 539
1352 540
1348 545
1354 546
1358 544
1350 555
1343 552
1340 543
1336 549
1332 538
1328 529
1324 537
1318 544
1324 547
1318 552
1321 561
1329 553
1325 555
1323 569
1330 564
1329 577
1334 571
1338 565
1344 565
1344 558
1337 558
1351 568
1349 577
1352 573
1359 570
1358 561
1317 530
1311 539
1306 531
1316 522
1157 629
1149 627
1151 630
1159 624
1153 620
1154 614
1145 621
1137 620
1136 611
1138 604
1142 598
1145 604
1152 604
1149 595
1148 590
1139 591
1137 584
1131 588
1132 596
1126 598
1127 591
1130 604
1125 611
1122 605
1121 599
1127 582
1127 621
1126 625
1096 623
1096 631
1089 627
1088 619
1092 614
1087 614
1082 607
1077 611
1078 619
1080 625
1082 631
1077 632
1084 641
1088 636
1092 641
1085 649
1078 646
1089 650
1080 658
1087 661
1079 666
1093 663
1090 657
1088 670
1080 672
1150 687
1160 694
1159 688
1154 691
1152 696
1156 705
1160 702
1150 711
1156 716
1163 710
1146 703
1142 695
1141 708
1144 715
1136 712
1133 707
1137 701
1130 696
1127 703
1126 691
1123 684
1116 690
1116 681
1123 695
1119 701
1112 697
1108 690
1114 708
1123 709
1124 716
1117 717
1124 723
1130 725
1130 718
1130 713
1135 720
1127 730
1118 729
1118 738
1113 722
1108 717
1106 699
1104 691
1136 728
1141 725
1149 727
1147 736
1147 739
1142 742
1140 737
1156 733
1148 720
991 768
987 766
986 761
988 756
992 761
996 754
1003 753
999 764
1003 764
1003 768
1006 773
1009 769
1007 765
1012 764
1019 764
1017 768
1020 758
1023 760
1011 760
1013 753
1019 753
1027 755
1026 748
1018 748
1011 743
1017 740
1026 734
1028 740
1033 735
1038 731
1034 727
1038 725
1050 721
1046 716
1045 706
1040 715
1036 709
1036 701
1029 702
1030 712
1033 719
1027 728
1024 720
1025 714
1018 728
1015 731
1012 723
1004 733
996 739
997 745
989 731
997 729
999 722
992 725
985 722
980 717
984 711
992 715
977 707
976 699
983 700
990 706
999 706
1004 701
1004 696
994 697
987 691
980 691
982 684
989 682
997 678
994 684
1001 688
1005 682
1002 676
1010 673
1013 682
1017 689
1009 689
1010 694
1012 697
1017 694
1021 700
1017 704
1015 716
1010 711
1006 708
999 715
981 729
938 845
933 844
927 847
929 842
932 836
937 835
922 842
925 835
927 832
918 836
918 829
923 826
929 827
937 825
936 830
942 823
940 814
934 819
933 813
927 814
926 820
919 819
915 824
916 814
920 812
922 809
929 805
935 805
942 809
942 802
946 805
949 797
947 789
940 794
946 784
939 784
934 788
934 796
927 794
921 785
917 794
913 786
910 794
913 803
922 804
916 810
921 776
920 772
913 766
917 761
913 774
906 778
905 767
905 762
900 759
897 761
897 771
900 776
888 769
892 773
884 777
883 771
878 770
874 775
877 778
882 781
905 785
907 799
845 809
851 809
850 816
844 814
837 811
831 816
833 803
834 797
841 792
835 790
834 785
841 783
844 787
835 778
829 774
823 777
824 783
821 779
829 780
840 775
795 737
791 740
792 743
786 743
786 738
782 739
778 738
780 743
774 744
777 751
771 754
768 750
781 757
774 758
785 751
788 756
792 748
794 752
796 756
798 761
791 761
789 766
781 768
778 763
783 777
788 775
790 778
784 782
793 783
794 772
782 731
750 838
746 842
742 848
740 853
734 852
735 845
741 840
745 836
753 826
741 828
738 833
734 837
730 843
728 850
723 839
718 834
723 829
728 833
733 829
730 826
739 821
733 816
729 820
725 815
733 808
725 807
730 803
722 801
719 807
716 803
708 805
712 811
715 817
716 825
711 827
709 835
704 831
702 824
704 816
708 819
697 821
698 828
687 827
688 822
692 821
686 816
681 819
676 813
679 809
671 809
666 815
665 821
671 826
674 820
679 826
679 831
684 832
683 837
677 843
679 849
671 850
670 842
673 836
672 830
666 833
664 838
665 845
662 843
665 850
688 841
688 836
694 849
684 846
688 852
696 854
700 852
702 846
705 844
715 846
725 858
733 863
734 858
740 859
748 857
747 851
718 855
671 867
669 870
665 874
667 879
674 872
674 877
672 884
664 884
663 892
662 899
665 904
671 909
670 904
674 899
668 889
676 892
676 888
672 891
664 912
660 914
659 907
653 912
652 907
658 919
641 913
643 910
637 908
631 912
637 915
626 908
631 907
633 903
635 901
641 903
642 897
640 893
637 897
636 893
640 890
642 888
649 885
652 881
656 884
658 881
650 875
647 879
643 875
647 873
641 872
637 877
638 883
633 886
634 883
630 893
629 899
617 891
620 890
616 886
625 887
622 880
624 875
629 880
629 876
631 877
634 871
630 873
647 910
568 860
567 864
561 868
557 867
559 864
557 862
560 862
563 855
562 851
558 852
544 871
551 874
554 869
548 864
541 863
540 868
533 874
535 868
535 863
537 854
543 858
543 855
546 852
547 856
550 850
545 845
540 849
530 845
534 845
534 842
535 839
538 836
536 835
540 830
539 826
540 820
534 824
534 828
531 834
535 833
527 831
525 833
523 836
526 837
528 839
529 835
507 837
499 834
503 840
505 844
501 849
498 845
493 848
490 842
495 840
490 838
490 832
487 828
481 835
481 843
465 844
470 841
465 837
468 834
467 831
457 841
461 849
465 854
468 848
459 853
480 872
476 875
483 878
485 884
478 885
478 880
476 890
469 894
470 891
472 884
473 894
471 900
478 898
483 893
491 891
488 896
494 899
496 894
501 896
498 905
502 907
504 902
492 904
494 911
488 910
487 906
481 906
475 921
469 925
474 928
476 926
480 930
477 934
473 937
473 933
467 932
464 926
462 922
458 925
460 928
461 933
462 939
457 936
454 941
456 946
461 948
465 948
468 943
473 945
472 952
477 948
476 953
474 956
481 955
481 949
483 943
479 941
482 937
482 932
469 936
444 943
440 945
442 950
435 950
434 944
430 940
436 938
441 932
443 933
440 929
443 928
444 925
439 924
442 920
447 922
449 924
442 917
439 918
434 923
434 929
434 933
432 933
426 936
424 930
424 925
428 924
432 921
435 916
434 914
425 920
427 916
429 912
432 910
429 907
432 902
425 903
421 903
418 902
417 912
417 909
421 909
424 911
421 914
419 918
414 915
413 913
417 925
420 932
413 922
410 919
407 924
406 920
405 915
408 909
439 895
435 892
432 890
429 895
427 890
431 897
434 898