1532 531
1536 536
1534 539
1533 548
1517 544
1520 538
1513 534
1515 530
1515 522
1512 512
1507 517
1505 526
1522 517
1516 508
1520 503
1526 508
1532 523
1535 514
1531 504
1540 505
1533 492
1522 492
1516 488
1514 483
1516 478
1507 477
1502 476
1494 473
1498 482
1503 486
1509 490
1505 493
1510 497
1515 498
1513 501
1511 503
1507 504
1501 510
1497 515
1494 519
1501 519
1495 507
1488 512
1485 518
1487 524
1481 507
1485 503
1488 501
1496 498
1502 500
1499 492
1492 486
1482 485
1484 494
1478 492
1472 487
1471 497
1477 499
1473 507
1464 506
1468 508
1476 480
1462 498
1487 478
1464 478
1482 468
1452 481
1456 486
1445 488
1443 498
1449 498
1459 494
1454 507
1444 510
1309 573
1313 567
1311 562
1317 561
1313 556
1304 564
1300 571
1298 563
1300 556
1296 553
1299 545
1305 545
1311 547
1314 547
1309 539
1302 540
1309 534
1311 530
1301 533
1302 524
1306 524
1293 530
1292 540
1293 547
1285 541
1291 523
1318 648
1312 640
1321 655
1328 652
1316 660
1307 663
1303 660
1310 655
1307 645
1300 652
1303 639
1297 644
1295 634
1291 639
1285 634
1281 640
1280 626
1275 633
1271 625
1270 639
1262 642
1263 633
1263 629
1277 643
1268 647
1273 652
1280 652
1285 646
1292 652
1297 659
1288 656
1291 663
1285 662
1281 660
1273 662
1268 666
1265 661
1280 667
1286 670
1282 675
1292 671
1298 669
1275 680
1274 673
1268 677
1267 683
1250 608
1249 600
1243 604
1239 599
1239 608
1233 612
1231 597
1237 591
1239 614
1229 604
1235 603
1245 590
1251 594
1199 651
1201 659
1195 658
1186 660
1191 652
1190 644
1183 653
1182 642
1178 632
1174 633
1174 620
1181 619
1178 614
1185 625
1169 611
1164 615
1167 625
1165 634
1166 643
1172 640
1175 644
1157 645
1150 638
1155 628
1156 619
1151 620
1144 622
1149 629
1142 629
1138 638
1143 636
1141 646
1149 651
1142 650
1158 653
1144 656
1150 661
1141 662
1141 670
1152 674
1153 669
1157 664
1160 669
1163 661
1166 652
1171 656
1179 657
1176 664
1180 671
1188 673
1187 669
1192 668
1172 671
1168 674
1176 677
1179 682
1185 679
1170 682
1162 687
1146 682
1152 684
1157 683
1164 678
1169 691
1179 692
1203 684
1178 699
1174 709
1170 703
1169 698
1162 698
1155 701
1159 704
1161 709
1166 710
1158 714
1153 712
1156 709
1153 708
1149 708
1150 702
1150 698
1144 699
1141 706
1141 713
1137 713
1134 710
1134 705
1134 699
1078 797
1080 790
1084 792
1072 792
1070 796
1068 788
1065 791
1064 781
1071 781
1075 787
1081 781
1085 782
1085 775
1075 777
1065 774
1071 770
1077 772
1085 769
1092 768
1083 764
1076 765
1068 765
1063 760
1064 754
1070 754
1077 758
1085 756
1089 759
1097 754
1087 750
1078 750
1072 746
1064 747
1058 743
1060 737
1064 731
1070 727
1069 737
1077 736
1079 729
1084 732
1088 727
1086 739
1092 736
1090 732
1097 725
1099 735
1100 743
1093 746
1098 750
1104 735
1054 720
1059 719
1046 722
1053 713
1052 706
1043 711
1048 709
1044 706
1033 706
1037 702
1031 702
1036 714
1030 720
1026 712
1024 720
1013 724
1017 729
1018 725
972 755
967 758
972 738
975 732
967 736
970 730
970 726
965 722
965 730
958 726
957 724
915 681
908 675
917 673
925 679
918 688
922 694
915 694
909 693
911 687
904 688
898 688
903 684
902 700
908 709
912 701
918 701
922 706
926 700
918 711
912 713
914 720
907 718
909 725
914 736
918 725
919 731
921 718
925 712
925 706
913 705
879 796
873 790
870 796
867 801
861 799
863 791
869 786
872 782
877 785
867 778
875 773
867 767
861 776
862 784
857 791
855 797
850 790
850 784
856 778
857 773
858 766
862 768
853 761
862 760
849 767
851 775
846 779
844 785
836 780
838 773
844 770
844 761
858 750
851 745
847 752
841 755
837 764
828 769
830 760
825 765
824 774
821 770
884 780
887 785
810 767
818 761
812 774
818 776
809 761
808 757
798 758
801 753
793 753
785 754
789 760
796 765
802 763
803 771
807 777
800 777
792 770
787 765
784 760
794 777
794 782
792 788
791 796
798 796
799 786
805 784
812 781
810 787
786 796
784 792
786 784
787 777
785 770
806 795
815 795
823 792
816 786
783 855
778 854
774 848
777 843
782 839
776 833
788 849
794 848
794 840
791 835
785 832
784 829
790 825
793 830
795 824
790 816
787 821
781 814
782 819
778 821
780 827
775 825
760 834
756 833
759 829
768 830
754 824
753 830
748 825
747 823
751 820
745 820
738 827
734 821
740 820
731 828
726 826
723 829
722 837
725 834
725 841
730 838
736 835
744 834
740 841
738 849
732 845
746 843
749 839
752 837
752 845
744 852
749 852
752 849
757 844
767 841
766 845
768 850
772 853
769 857
773 859
770 865
759 858
754 854
754 860
756 866
758 863
746 865
746 858
740 862
736 865
736 859
740 857
735 854
730 849
647 798
642 800
637 796
632 801
638 802
638 806
644 804
635 811
634 818
639 819
632 822
628 821
629 815
630 811
628 805
624 801
621 798
626 793
631 792
633 786
634 782
627 781
622 778
616 782
624 784
619 790
616 788
596 788
597 792
600 797
600 802
593 800
593 796
588 793
587 787
591 780
599 782
580 780
580 786
584 796
573 793
572 788
572 783
576 779
576 775
549 807
552 812
550 811
553 803
550 801
555 796
550 792
546 798
556 790
555 787
549 784
556 782
553 780
549 778
546 777
544 789
574 830
575 833
580 837
580 840
584 840
584 837
581 848
576 849
580 854
576 857
586 855
591 853
588 848
584 851
571 853
567 854
565 849
559 851
557 844
558 838
562 844
563 839
564 833
561 831
568 834
570 839
574 843
570 846
567 844
549 895
553 890
557 887
554 884
559 885
556 879
557 873
551 877
545 875
546 879
548 883
543 889
541 892
537 888
541 885
539 881
534 891
534 897
542 899
539 899
564 891
559 894
555 897
557 897
559 901
562 899
564 897
565 896
567 897
565 899
563 902
554 904
554 909
551 906
520 843
516 847
513 844
516 841
508 840
512 841
504 846
498 848
502 854
508 852
510 850
506 857
501 861
505 862
499 865
494 862
492 860
498 854
493 853
497 858
509 862
512 864
508 870
502 871
503 867
496 868
490 866
488 863
490 860
489 873
493 877
489 880
500 875
500 878
511 876
504 875
500 881
494 883
496 887
499 890
502 887
505 890
509 894
510 896
512 893
514 893
517 897
517 901
510 903
513 899
507 899
504 894
509 889
512 888
509 885
510 881
505 882
506 879
514 884
516 889
518 895
514 870
483 870
484 873
478 876
476 874
479 871
480 866
483 861
484 857
482 858
477 861
476 860
472 854
467 857
471 863
473 867
473 879
475 880
472 882
475 884
471 885
466 893
463 890
459 889
462 887
456 887
458 883
456 879
458 877
462 883
466 885
465 882
469 879
468 876
462 878
462 875
458 874
458 869
463 870
462 861
460 866
462 857
460 851
456 846
454 850
454 855
453 860
457 861
458 857
468 850
466 853
471 848
453 870
455 865
449 865
447 858
450 857
445 861
444 869
448 878
449 885
449 890
451 892
451 889
453 892
456 894
459 894
453 886
453 882
452 881
441 881
442 875
437 871
437 873
434 877
432 883
437 884
432 888
428 886
429 877
430 870
429 866
424 869
426 872
425 879
422 874
420 877
417 872
420 870
422 881
421 884
424 889
428 892
432 892
434 896
428 898
429 903
430 905
436 902
437 906
440 910
441 917
432 909
421 900
420 896
416 899
414 896
410 895
409 890
416 891
415 884
416 882
404 894
406 890
402 889
405 885
409 881
413 877
411 874
956 733
951 731
948 728
949 724
951 723
955 728
959 719
1519 1048
1519 1042
1524 1046
1524 1043
1514 1047
1512 1042
1514 1038
1511 1037
1508 1044
1507 1040
1504 1040
1508 1036
1243 1038
1241 1034
1238 1031
1241 1028
1245 1030
1118 1072
1116 1065
1113 1074
1109 1078
1105 1072
1108 1069
1102 1072
1102 1064
1109 1063
1112 1052
1104 1050
1101 1054
1097 1043
1087 1047
1087 1040
1085 1045
1080 1039
1078 1037
1075 1034
1073 1036
1070 1034
1067 1037
1069 1039
1069 1041
1073 1041
1073 1046
1078 1044
1075 1050
1075 1054
1071 1051
1070 1057
1066 1054
1065 1051
1066 1046
1062 1045
1065 1041
1059 1038
1057 1044
1053 1041
1059 1049
1062 1056
1065 1061
1061 1062
1059 1059
1054 1057
1056 1052
1053 1048
1051 1051
1051 1060
1044 1058
1047 1055
1041 1062
1041 1066
1038 1071
1041 1072
1043 1069
1046 1070
1045 1073
1049 1069
1051 1065
1047 1063
1057 1065
1059 1069
1053 1070
1053 1073
1050 1073
1050 1075
1047 1074
1045 1049
1044 1053
1041 1056
1087 1051
1091 1042
1092 1045