1863 538
1860 538
1867 536
1863 530
1860 523
1863 519
1867 515
1871 522
1878 522
1876 514
1887 518
1887 521
1895 521
1889 529
1893 534
1898 525
1905 524
1899 515
1892 513
1873 529
1542 531
1544 535
1537 545
1535 538
1532 537
1529 543
1534 531
1504 548
1498 550
1492 542
1499 538
1510 541
1501 556
1509 557
1509 562
1505 566
1498 564
1493 561
1496 569
1493 576
1488 570
1493 566
1482 578
1485 583
1492 583
1497 582
1500 575
1505 577
1481 612
1488 616
1487 606
1494 608
1498 624
1499 613
1503 630
1508 633
1511 636
1507 641
1500 646
1496 643
1501 637
1491 637
1496 634
1491 647
1483 633
1487 629
1482 627
1481 622
1475 627
1477 635
1480 637
1361 671
1369 668
1365 663
1356 665
1350 660
1351 650
1344 659
1341 665
1345 671
1349 668
1356 675
1349 677
1338 674
1335 664
1332 658
1329 655
1332 674
1329 669
1329 662
1324 664
1324 670
1321 673
1319 671
1325 677
1252 699
1248 694
1246 687
1252 687
1258 694
1243 705
1248 704
1245 700
1239 702
1239 696
1233 700
1231 709
1236 707
1225 706
1220 697
1216 704
1213 695
1213 686
1219 688
1229 692
1227 687
1221 681
1233 684
1236 676
1228 673
1224 669
1228 680
1233 671
1260 573
1265 571
1268 566
1262 568
1257 571
1257 575
1254 578
1253 575
1415 588
1407 586
1411 580
1405 578
1116 717
1109 709
1110 724
1114 729
1123 721
1107 736
1097 732
1104 728
1097 723
1084 715
1090 717
1091 723
1086 718
1090 714
979 735
970 731
976 727
971 724
988 789
994 787
986 780
992 781
985 774
989 770
980 777
979 769
979 761
983 757
973 755
980 753
973 767
968 765
972 761
971 772
970 777
963 776
908 739
908 733
916 739
917 731
913 727
910 720
911 712
903 725
911 705
857 738
856 747
862 745
863 741
855 730
850 726
846 732
841 726
845 724
839 723
833 725
832 736
827 734
832 732
839 732
843 734
843 739
847 738
836 739
832 744
829 741
828 749
830 754
835 751
840 747
847 747
851 742
851 755
849 752
845 759
843 753
829 759
830 760
827 763
828 766
834 762
837 767
847 770
844 765
848 777
842 779
842 772
846 783
845 789
841 789
836 790
828 790
832 784
826 782
830 777
836 776
831 770
826 774
821 772
817 780
812 779
805 769
798 773
794 775
802 778
806 774
798 784
803 787
806 788
813 791
805 793
816 787
812 784
808 799
801 797
802 804
799 810
806 815
807 807
812 811
797 803
797 799
914 898
920 896
916 893
924 889
928 889
927 878
918 876
914 870
913 877
916 885
907 891
904 881
909 877
910 884
896 879
895 887
886 885
888 878
886 871
892 873
897 875
882 875
896 869
903 870
908 864
903 857
906 850
701 792
694 789
686 787
686 778
693 782
693 773
701 783
703 776
701 771
694 768
683 771
681 776
681 783
689 799
641 778
637 775
645 773
642 767
637 768
638 760
630 771
630 764
632 757
632 748
627 752
626 759
625 773
621 768
619 761
625 766
620 756
618 749
625 747
619 743
618 737
613 744
612 736
608 730
610 726
614 731
617 728
608 737
604 735
603 741
603 749
608 750
611 755
605 755
603 760
598 754
608 766
609 760
605 769
614 770
617 765
602 785
601 792
607 791
610 795
609 803
613 808
618 806
606 805
602 802
596 802
588 801
587 796
593 795
589 793
592 792
592 788
587 787
590 781
592 778
583 776
581 773
576 777
581 781
575 785
575 792
584 793
580 799
579 804
583 804
583 808
581 810
582 817
586 813
589 807
592 823
586 827
582 830
583 838
588 846
578 848
579 857
572 855
566 859
559 859
563 870
571 866
574 862
576 869
580 864
587 858
543 823
541 813
533 813
529 817
525 820
523 823
532 826
536 820
535 818
526 828
522 832
531 838
538 832
545 833
542 840
536 840
533 845
539 846
544 851
548 846
547 856
549 861
547 868
544 868
540 866
543 861
540 856
536 861
534 855
533 851
527 851
524 847
525 841
525 836
539 827
542 817
549 826
415 827
414 815
410 802
400 797
405 802
408 807
409 814
410 811
368 844
371 837
356 846
357 841
359 835
360 830
353 832
346 832
343 833
343 838
347 841
349 839
346 847
346 852
342 853
343 859
349 856
351 853
351 850
339 826
340 820
335 820
334 823
331 819
334 816
329 815
328 819
325 823
329 824
328 830
331 829
333 833
317 832
315 823
319 825
310 823
313 821
308 825
306 832
302 825
302 822
304 818
302 815
307 821
298 811
295 806
290 811
288 813
287 808
290 807
285 806
288 804
290 803
287 800
574 825
575 833
576 838
569 834
572 838
602 809
604 816
606 812
600 816
598 819
605 824
601 826