1566 533
1564 528
1557 526
1560 520
1562 512
1566 513
1565 506
1556 507
1555 513
1554 525
1551 529
1555 536
1556 541
1561 537
1554 548
1550 544
1550 538
1544 532
1547 526
1547 519
1548 511
1550 503
1542 504
1545 500
1540 496
1537 499
1533 494
1534 507
1537 513
1539 516
1543 512
1540 524
1538 533
1542 539
1544 547
1547 552
1549 554
1545 560
1540 561
1539 554
1532 557
1535 548
1531 563
1528 560
1527 555
1524 554
1528 550
1532 539
1537 541
1535 532
1534 526
1533 521
1529 516
1526 509
1528 501
1526 495
1526 490
1523 483
1517 484
1519 479
1512 484
1508 480
1505 484
1502 485
1502 490
1510 491
1514 491
1519 490
1517 501
1510 502
1508 497
1502 501
1503 504
1512 507
1517 512
1516 517
1513 517
1522 518
1526 525
1524 531
1517 536
1517 532
1515 526
1523 541
1552 557
1489 585
1482 580
1483 572
1476 574
1480 568
1483 564
1471 566
1466 568
1466 561
1461 564
1469 574
1464 577
1468 581
1474 586
1482 594
1483 590
1475 592
1470 595
1475 600
1471 602
1466 601
1463 595
1464 589
1457 588
1462 582
1456 575
1458 570
1462 572
1454 564
1450 571
1451 578
1450 585
1456 596
1460 600
1463 604
1467 606
1469 609
1465 614
1460 614
1459 620
1459 606
1450 609
1454 603
1444 603
1450 597
1445 594
1447 591
1440 594
1443 588
1440 581
1446 580
1444 575
1438 573
1439 568
1444 569
1446 561
1440 564
1432 566
1426 567
1428 571
1428 580
1435 577
1435 583
1435 591
1433 588
1423 596
1421 589
1417 599
1416 593
1419 605
1425 604
1429 604
1438 603
1439 610
1437 608
1442 611
1436 616
1431 612
1429 617
1430 619
1423 623
1420 616
1434 628
1438 629
1428 632
1435 636
1429 642
1425 639
1422 634
1439 622
1423 576
1349 698
1345 693
1347 688
1349 681
1343 672
1350 675
1347 668
1337 682
1342 685
1335 685
1334 674
1324 677
1329 686
1322 689
1324 685
1329 697
1337 692
1323 698
1317 702
1330 703
1317 693
1315 686
1317 680
1310 682
1305 685
1309 691
1301 688
1302 694
1302 699
1302 707
1308 709
1319 713
1308 718
1302 720
1302 714
1308 724
1304 726
1312 727
1315 720
1314 698
1310 698
1287 682
1292 676
1281 685
1282 678
1273 683
1273 676
1267 681
1276 669
1285 670
1290 665
1282 663
1288 658
1279 657
1272 661
1266 662
1267 653
1267 650
1274 651
1281 648
1289 647
1291 641
1283 640
1275 643
1268 646
1266 638
1269 633
1274 635
1282 631
1287 627
1281 622
1275 626
1275 619
1267 624
1271 615
1262 615
1257 619
1257 627
1259 634
1263 644
1270 668
1240 572
1239 579
1244 555
1242 566
1230 566
1226 571
1225 564
1221 560
1225 558
1232 577
1225 578
1232 584
1226 585
1227 589
1219 570
1216 566
1212 561
1207 555
1204 559
1203 554
1199 559
1196 554
1193 560
1193 556
1204 563
1056 752
1050 752
1046 760
1038 758
1039 754
1033 753
1034 745
1041 747
1046 742
1050 744
1047 737
1041 737
1037 741
1035 737
1035 733
1031 738
1028 739
1028 732
1022 735
1021 742
1024 748
1026 754
1030 759
1023 756
1028 764
1030 759
1036 763
1027 774
1033 776
1033 769
1027 781
1031 782
1020 770
1017 764
1016 759
1024 761
1014 752
1024 722
1028 721
1035 720
1037 717
1039 728
1043 733
1010 732
997 689
992 692
989 682
992 677
1000 681
1001 675
1009 677
1010 672
1009 665
1003 664
1002 657
1008 658
994 669
987 668
980 672
979 680
978 676
1017 665
1017 658
940 787
941 779
934 778
931 786
927 778
924 784
918 780
923 772
930 768
937 771
936 757
942 755
942 748
934 749
938 744
924 759
928 757
927 752
928 746
915 749
921 753
917 756
910 755
915 761
916 767
912 772
908 769
905 765
902 759
907 751
909 745
924 765
905 745
895 744
882 744
878 751
871 745
869 752
865 748
882 758
885 750
875 758
872 760
874 767
881 766
880 773
887 768
877 781
876 788
871 783
872 777
864 786
860 781
865 778
866 772
860 775
861 767
867 764
864 759
856 761
858 750
848 781
844 785
837 783
838 788
835 778
842 778
850 774
842 770
837 773
831 771
827 774
823 769
825 763
833 764
831 757
839 761
841 764
842 759
835 752
837 745
833 741
828 752
824 756
822 748
826 746
819 737
824 738
821 733
827 732
812 756
808 752
807 743
810 746
810 737
804 733
797 739
805 753
802 752
813 766
810 763
813 774
810 773
812 771
808 780
813 778
817 782
816 790
816 795
811 793
810 787
813 798
822 794
759 783
752 785
757 778
751 775
750 778
740 785
737 780
730 783
729 785
724 787
721 790
726 797
723 801
731 801
731 795
739 797
737 790
745 792
747 794
744 801
740 805
735 803
727 807
739 812
743 814
743 808
749 813
741 817
743 821
748 821
753 817
731 811
733 817
735 808
736 810
737 820
718 816
713 818
707 808
706 812
699 815
704 819
693 821
694 826
687 829
691 834
698 829
697 838
694 844
692 847
702 838
704 832
704 828
706 824
716 829
722 828
710 836
715 839
718 835
720 842
714 845
715 850
709 845
709 854
711 862
716 857
721 854
724 841
666 915
665 917
667 919
660 913
657 909
660 905
665 907
665 901
665 897
663 892
661 895
657 898
655 903
653 901
653 906
652 902
655 914
649 891
655 889
650 883
649 879
649 873
654 874
651 865
644 867
650 869
645 862
638 864
630 867
631 873
640 871
637 878
643 878
633 881
636 883
639 881
641 884
639 888
641 893
645 882
637 901
634 898
628 900
626 893
632 888
630 885
625 887
629 878
626 882
623 876
618 879
622 870
619 867
621 846
623 838
617 839
618 835
619 830
618 827
613 829
615 833
610 835
605 835
605 830
609 825
604 825
600 828
594 828
597 822
600 819
591 822
588 827
591 827
590 830
588 834
592 836
599 834
600 839
598 845
592 842
587 842
588 848
593 847
602 844
608 843
606 848
603 850
608 854
605 856
606 859
601 858
597 857
592 854
590 851
611 926
608 921
606 926
603 924
600 922
599 928
602 931
596 918
590 915
598 911
591 908
597 907
596 901
596 896
599 893
595 891
590 892
589 897
584 899
586 907
592 902
580 901
585 856
578 860
580 852
577 847
580 842
579 835
581 831
573 839
567 842
569 836
571 834
563 835
569 830
570 826
575 827
575 822
574 815
570 819
570 812
565 815
563 810
559 815
557 812
560 806
564 804
567 810
572 809
576 813
556 820
555 815
562 820
564 822
565 826
560 827
573 852
584 844
613 844
582 884
584 887
581 891
562 860
556 864
555 860
539 830
534 824
533 832
527 830
530 837
535 838
526 824
527 819
520 821
519 827
522 828
521 832
515 821
516 815
524 813
530 813
525 807
523 802
518 802
521 809
515 807
507 812
508 806
512 800
513 794
508 799
506 801
505 797
505 788
509 786
502 785
505 782
499 793
494 793
502 801
496 804
502 807
499 810
502 813
497 818
504 820
513 828
507 821
528 983
522 984
522 988
527 987
526 978
521 979
528 977
531 971