768 817
774 822
771 827
763 816
762 822
764 827
753 831
757 827
756 820
747 835
756 837
761 833
769 838
762 841
774 842
769 846
764 853
769 856
769 863
766 859
762 861
759 855
753 842
746 842
751 849
746 856
746 851
741 855
750 862
754 858
756 864
758 862
751 867
746 867
748 871
752 870
741 869
741 860
735 858
733 854
728 863
726 833
717 837
719 842
712 844
713 839
674 847
668 846
663 847
665 855
666 849
659 851
657 845
652 842
654 837
652 830
649 835
645 842
641 840
639 844
643 845
643 850
642 857
652 847
648 850
623 861
618 863
617 869
623 871
613 860
612 863
610 855
606 843
605 838
603 831
595 833
594 837
600 836
598 843
596 890
590 888
591 883
587 877
598 874
592 876
599 882
587 871
541 898
536 899
534 902
527 900
533 894
531 890
528 894
529 885
528 877
522 889
525 884
488 897
486 887
491 885
495 889
485 894
477 891
479 898
475 897
486 905
481 908
480 911
483 914
488 911
488 916
491 913
494 907
497 903
491 902
452 935
453 932
460 932
459 927
452 926
452 921
448 925
448 920
443 921
440 924
441 932
446 930
446 937
431 926
432 921
436 920
433 912
430 913
426 918
420 924
417 928
426 923
415 923
410 923
414 919
418 914
424 913
423 910
421 906
425 902
420 899
417 897
416 903
412 899
417 907
409 902
411 907
413 913
408 915
404 917
399 916
401 912
396 913
446 892
450 887
458 890
454 896
443 887
450 881
460 884
462 896
441 894
438 895
444 899
437 899
340 942
343 942
346 938
341 937
346 934
338 933
343 930
346 927
341 927
336 925
340 921
346 921
350 917
347 914
343 917
343 912
280 914
275 918
274 927
271 921
269 925
265 923
267 917
269 913
273 907
276 907
274 913
713 822
712 817
718 819
719 814
713 811
707 821
710 825
704 828
701 823
733 868
524 897
535 890
450 897
434 933
426 933
422 930
413 935
410 931
404 926
354 932
348 932
350 927
333 930
276 901
278 903
273 903
267 904
268 909
266 912
259 910
261 916
260 918
264 920
262 921
259 922
261 926
264 927
267 931