1903 579
1897 577
1902 570
1911 574
1915 573
1916 580
1914 568
1916 563
1909 566
1899 563
1903 559
1909 559
1905 552
1914 552
1914 546
1899 551
1905 547
1902 542
1897 541
1896 549
1891 551
1892 557
1892 568
1893 572
1896 568
1887 561
1881 563
1882 565
1876 566
1881 572
1881 579
1883 578
1887 578
1874 579
1873 575
1878 574
1872 568
1866 567
1852 566
1851 554
1856 550
1866 548
1874 555
1879 551
1874 544
1874 535
1890 531
1888 526
1886 526
1890 523
1895 524
1894 527
1895 520
1893 518
1888 515
1883 517
1884 512
1884 508
1893 511
1898 507
1900 510
1899 511
1902 501
1896 500
1894 492
1900 492
1903 495
1908 498
1907 492
1909 488
1905 486
1900 482
1893 482
1899 486
1896 479
1894 476
1903 477
1900 473
1900 467
1905 465
1907 472
1907 474
1911 479
1909 480
1907 482
1917 482
1915 484
1824 565
1827 558
1828 563
1819 559
1819 555
1821 552
1821 570
1815 573
1813 566
1806 568
1810 558
1812 554
1802 556
1803 555
1797 560
1796 556
1799 567
1804 570
1807 576
1802 578
1798 579
1797 583
1793 581
1789 577
1794 574
1798 573
1791 570
1788 571
1789 565
1788 561
1784 566
1780 569
1782 558
1726 545
1719 552
1711 547
1706 538
1715 535
1723 536
1701 580
1695 583
1689 578
1683 578
1684 585
1690 591
1694 591
1671 590
1674 594
1673 581
1664 578
1654 587
1661 592
1221 711
1215 715
1211 711
1214 708
1216 700
1220 704
1209 704
1205 705
1212 697
1209 694
1201 710
1206 714
1197 711
1195 707
1190 709
1187 708
1190 703
1198 700
1192 696
1201 686
1204 682
1211 676
1215 677
1215 621
1220 619
1212 615
1209 623
1209 626
1215 628
1217 634
1210 639
1217 640
1214 646
1209 647
1208 652
1213 653
1206 657
1202 658
1203 652
1204 646
1206 641
1206 632
1212 630
1238 609
1229 612
1225 615
1160 755
1160 747
1157 749
1163 739
1173 738
1165 732
1170 729
1170 726
1174 724
1161 727
1160 734
1158 717
1165 716
1159 710
1165 707
1108 712
1109 717
1114 704
1118 706
1121 703
1070 738
1066 741
1060 741
1059 736
1065 731
1058 727
1059 717
1065 714
1071 721
1051 725
1052 720
1043 725
1040 729
1040 733
1046 732
1043 739
1039 742
1032 743
1032 737
1050 740
1052 732
1055 738
952 768
945 769
947 764
950 760
955 764
956 760
956 752
947 752
928 769
931 765
934 760
922 768
921 775
915 773
914 763
920 761
915 755
920 753
919 749
925 750
926 744
921 741
920 735
836 791
829 788
835 784
839 780
844 784
843 788
845 789
850 791
848 779
854 777
849 773
841 773
837 768
842 765
838 761
826 779
821 776
823 783
816 783
812 777
817 777
814 772
817 770
842 792
673 932
680 930
683 922
690 925
688 929
687 918
689 915
682 911
677 918
673 915
676 911
676 904
676 895
673 888
671 901
663 900
668 895
667 906
659 906
658 909
651 906
650 911
656 914
660 915
669 916
624 782
622 788
625 793
619 794
613 795
612 800
613 805
607 799
608 791
606 791
609 787
614 787
616 782
609 781
607 776
603 781
606 785
619 804
617 811
618 815
614 816
618 822
612 823
608 819
604 815
604 821
605 826
602 832
607 833
612 832
602 824
596 821
592 822
590 819
592 815
592 812
587 823
586 819
588 828
593 828
594 833
594 837
589 836
589 842
594 845
594 852
589 849
518 827
515 820
510 826
508 829
506 823
510 819
505 816
510 812
500 817
500 822
474 805
476 809
469 812
468 806
469 799
471 796
462 809
463 802
464 796
465 788
470 788
459 792
458 797
452 803
453 795
454 789
458 787
453 778
448 783
443 778
442 781
446 788
444 791
446 796
444 802
447 806
452 841
450 835
446 830
454 828
459 837
445 817
433 817
430 822
424 818
423 822
428 827
430 831
425 832
429 836
434 839
439 834
441 841
444 848
446 844
450 849
438 849
441 851
445 853
437 853
434 847
431 871
427 867
419 863
420 856
423 873
427 877
426 884
420 882
418 886
420 890
422 888
417 894
419 900
422 897
426 894
428 897
431 889
434 885
430 883
435 877
438 871
399 895
401 890
399 887
397 891
393 890
395 886
398 883
393 879
390 881
387 881
384 877
385 873
392 874
392 870
398 873
402 870
394 862
398 866
400 862
399 855
394 851
392 847
390 844
385 849
384 857
377 858
376 862
378 864
380 871
382 866
386 868
260 866
261 861
261 857
268 868
267 872
254 871
254 877
248 876
251 870
249 863
251 859
233 857
231 851
234 852
227 849
224 853
221 848
222 845
224 844
221 842
225 846
220 841
1197 640
1196 646
1195 652
1204 621
1199 626
1209 687
1217 686
1117 701
619 777
613 775
608 811
603 808
599 812
506 833
504 809