1855 567
1849 570
1856 572
1863 576
1867 567
1863 562
1874 572
1874 565
1876 579
1869 580
1869 573
1876 585
1877 582
1915 591
1915 595
1918 587
1912 584
1876 597
1877 601
1871 604
1872 599
1869 601
1858 582
1862 580
1852 575
1849 579
1838 575
1837 581
1832 576
1835 570
1841 569
1809 642
1799 646
1799 640
1804 638
1802 654
1793 654
1788 655
1789 665
1794 664
1801 671
1804 664
1806 658
1784 651
1776 650
1780 643
1788 642
1793 639
1785 635
1795 629
1802 629
1793 625
1797 618
1790 615
1794 605
1792 601
1796 598
1797 600
1793 593
1787 592
1786 600
1778 600
1778 594
1784 605
1779 610
1770 609
1770 618
1777 622
1776 629
1779 635
1770 637
1767 635
1762 651
1757 651
1755 662
1761 665
1762 658
1750 657
1750 650
1744 647
1746 645
1753 643
1747 639
1747 634
1745 631
1753 637
1753 633
1762 631
1756 627
1749 627
1752 623
1753 614
1760 618
1762 611
1767 626
1760 624
1784 583
1737 677
1742 675
1740 683
1739 669
1732 670
1732 666
1727 671
1728 679
1732 684
1729 685
1722 683
1722 676
1721 665
1717 674
1716 681
1714 663
1710 668
1705 662
1707 655
1703 656
1697 659
1694 665
1690 662
1699 670
1695 677
1688 670
1683 670
1683 665
1684 678
1679 679
1673 681
1682 685
1677 694
1676 701
1683 698
1684 708
1692 700
1695 690
1700 687
1704 675
1705 679
1691 682
1697 712
1696 721
1696 716
1690 723
1696 729
1683 723
1676 687
1619 754
1620 751
1610 756
1612 752
1617 747
1622 743
1624 736
1618 730
1617 736
1614 729
1613 739
1602 734
1599 742
1602 749
1606 742
1587 742
1591 735
1598 728
1605 722
1590 724
1583 729
1585 722
1578 720
1582 713
1575 713
1576 705
1581 704
1571 717
1570 708
1550 697
1533 721
1536 715
1531 730
1539 738
1536 744
1531 752
1541 747
1531 742
1526 714
1522 719
1520 731
1512 733
1515 714
1521 679
1509 696
1505 690
1523 685
1525 676
1517 674
1513 670
1445 793
1438 797
1443 801
1440 785
1433 784
1438 778
1447 782
1451 786
1428 787
1415 780
1408 787
1402 789
1402 794
1388 803
1388 797
1393 800
1385 791
1383 794
1389 786
1394 791
1395 780
1390 780
1394 771
1401 773
1401 770
1406 774
1414 773
1408 770
1298 821
1303 818
1300 826
1297 813
1293 818
1301 809
1297 808
1300 803
1292 809
1287 816
1286 811
1288 806
1291 803
1287 799
1281 796
1284 793
1277 792
1275 788
1281 787
1273 803
1280 801
1272 798
1265 803
1264 813
1261 815
1271 812
1262 806
1270 824
1273 829
1278 834
1280 829
1268 835
1265 829
1276 821
1278 815
1268 818
1279 810
1114 835
1118 834
1113 828
1114 822
1120 824
1125 830
1127 823
1135 825
1134 817
1120 817
1119 813
1124 811
1121 808
1117 809
1114 812
1114 802
1119 799
1125 801
1131 804
1139 806
1143 809
1143 803
1138 798
1135 792
1141 790
1133 782
1126 782
1124 786
1119 792
1123 795
1130 790
1139 786
1140 818
1089 793
1081 794
1081 789
1084 782
1094 779
1096 789
1089 786
1090 777
1099 772
1104 777
1105 771
1132 769
1132 762
1126 759
1127 753
1130 748
1135 752
1142 747
1141 740
1134 741
1153 801
1149 795
1156 796
1152 791
1158 791
1154 787
1148 787
1172 798
1175 802
1233 759
1238 753
1224 762
1228 757
1229 754
939 723
942 718
946 714
939 713
849 738
845 746
853 745
839 751
829 750
916 821
919 816
920 825
922 820
925 815
928 823
931 820
933 826
938 824
939 817
846 823
844 816
841 813
854 816
856 821
857 817
840 826
837 817
835 825
832 831
839 832
836 836
839 840
844 844
832 843
827 843
827 827
826 836
829 822
823 821
818 818
814 851
813 845
813 832
812 823
808 824
805 826
802 821
804 816
806 821
809 816
807 810
795 902
798 900
800 896
794 895
797 888
801 887
806 891
807 897
805 902
801 905
813 892
810 888
812 880
817 884
816 879
823 874
814 873
818 865
826 864
813 861
809 866
810 872
813 868
795 885
794 889
646 826
643 825
645 833
640 829
644 819
639 812
601 832
599 825
603 819
602 815
601 810
606 811
610 808
611 802
605 804
601 801
601 796
592 795
593 801
596 800
596 808
593 806
594 813
598 816
573 837
564 837
564 842
559 845
554 841
559 840
560 836
555 837
553 835
557 831
562 828
528 893
533 890
529 887
533 885
529 883
532 880
539 878
535 874
541 871
544 871
547 866
551 870
539 866
535 869
522 887
522 883
526 884
525 879
523 875
527 875
529 871
526 868
531 864
532 860
536 858
530 856
492 884
492 878
492 873
499 874
498 868
499 878
494 863
487 868
488 862
489 856
494 856
498 851
500 861
541 861
538 857
472 862
468 858
478 862
476 853
469 853
466 850
468 848
465 846
466 841
469 839
469 846
483 844
490 846
475 842
420 841
418 837
427 834
430 837
426 838
402 824
399 819
406 818
415 818
402 814
220 842
223 840
228 839
222 837
218 835
217 837
210 839
212 834
209 836
212 838
150 847
154 844
145 843
146 840
149 840
152 835
152 832
155 837
155 833
156 840
146 849
143 849
144 851
36 857
36 860
35 863
36 868
32 857
30 853
34 851
31 850
38 851
36 847
35 850
81 844
82 849
78 851
77 846
76 842
77 840
78 837
82 836
82 840
85 841
46 863
45 866
42 866
40 863
42 858
1517 722
1540 726
1534 709
1462 1076
1457 1075
1455 1069
1451 1076
1449 1072
1451 1065
1446 1064
1439 1061
1442 1069
1443 1075
1435 1066
1431 1067
1427 1063
1422 1062
1420 1067
1416 1064
1413 1073
1413 1067
1417 1076
1414 1077
1427 1078
1430 1077
1423 1074
1424 1071
1427 1073
1612 720
1610 713
1606 717
1600 713
1602 709
1592 718
1598 720
1592 712
1505 708
1385 780
859 812
863 813