1527 554
1522 558
1523 564
1523 570
1519 574
1517 577
1507 573
1502 563
1510 561
1515 553
1517 543
1523 545
1515 539
1512 534
1507 531
1496 534
1496 542
1491 548
1496 552
1502 546
1509 543
1503 554
1509 550
1493 613
1486 608
1487 600
1480 609
1479 602
1471 605
1465 611
1467 602
1471 597
1467 590
1459 595
1455 591
1460 584
1452 577
1457 571
1462 572
1467 576
1451 587
1449 596
1448 591
1453 604
1445 614
1450 618
1455 616
1453 625
1462 618
1465 619
1474 610
1493 620
1485 615
1508 616
1501 610
1275 742
1276 734
1280 737
1269 741
1269 728
1264 736
1264 725
1276 724
1272 718
1273 713
1273 704
1269 710
1265 715
1260 720
1257 714
1254 709
1261 708
1258 704
1250 706
1247 713
1252 721
1251 726
1258 730
1252 738
1259 739
1256 742
1249 743
1246 738
1240 735
1244 731
1248 730
1239 728
1237 718
1246 723
1243 718
1229 700
1232 697
1234 702
1224 697
1227 694
1224 687
1232 684
1235 691
1227 678
1223 673
1230 672
1231 666
1236 678
1240 670
1245 678
1248 673
1245 662
1236 664
1239 659
1244 652
1237 651
1232 659
1229 652
1234 645
1224 648
1236 639
1230 637
1230 633
1255 662
1254 654
1252 651
1252 660
1071 711
1070 707
1067 702
1058 703
1064 696
1054 707
1063 715
1063 690
1075 706
1013 731
1012 723
1014 717
1019 723
1019 730
1025 728
1028 722
1034 725
1035 720
1037 712
1027 716
1031 709
1036 706
1041 707
1046 709
1045 699
1038 698
1032 701
1025 706
1020 710
1018 700
1023 695
1031 691
1037 687
1044 686
1044 691
1051 686
1048 679
1045 671
1038 680
1030 682
1034 676
1028 675
1037 669
1024 682
1022 687
1018 680
1021 674
1025 669
1026 661
1031 666
1034 663
1030 655
1026 648
1020 653
1020 661
1018 668
1013 660
1014 653
1016 648
1021 642
1014 642
1007 641
1009 648
1006 647
1007 653
895 793
890 789
894 784
900 788
900 792
905 787
890 794
887 779
892 776
896 774
891 770
900 780
907 780
909 776
915 781
920 775
913 771
922 767
935 767
935 755
932 760
928 763
923 763
913 758
907 765
918 763
916 745
920 738
922 734
924 745
917 732
913 736
908 739
909 730
904 731
898 735
896 740
902 744
908 746
905 752
901 758
913 752
894 754
900 748
892 746
886 748
882 743
889 743
891 741
889 735
884 739
893 730
883 731
878 736
886 755
892 760
893 765
897 766
889 765
887 774
888 771
886 784
904 771
823 833
816 831
824 826
823 819
806 823
806 817
800 825
797 819
794 816
801 812
791 811
786 816
791 823
792 834
800 834
795 840
789 847
780 838
771 842
773 830
782 828
777 823
778 818
784 822
782 848
773 854
779 857
762 808
754 812
748 816
743 813
745 808
753 804
761 801
751 797
743 802
738 805
739 794
733 799
742 788
749 786
750 791
753 780
751 775
749 769
744 773
743 782
736 782
737 775
730 778
733 785
726 769
729 765
726 759
734 757
738 767
741 760
740 755
747 765
752 763
756 769
760 774
756 786
757 795
719 705
711 700
699 693
691 696
695 687
688 690
698 702
705 703
595 854
600 854
590 851
595 848
600 849
602 847
595 843
597 840
589 841
589 847
583 840
585 834
589 832
595 833
584 829
579 833
578 827
580 822
588 825
590 822
594 827
597 822
600 831
605 820
599 815
592 811
596 806
591 803
585 812
580 811
579 815
583 818
574 783
579 776
572 774
577 769
570 768
570 762
572 755
565 754
570 752
580 764
581 760
580 755
578 749
574 757
575 763
522 855
517 859
518 849
508 854
511 848
504 850
503 856
498 854
498 849
493 849
493 841
498 840
502 836
502 843
505 832
509 833
514 831
514 824
506 825
497 832
500 831
495 826
494 822
497 818
492 819
492 813
487 813
484 818
490 838
491 833
506 841
512 842
511 837
480 830
477 831
472 842
470 838
466 840
464 836
468 834
471 833
463 831
465 828
468 829
472 827
474 825
475 827
469 824
472 818
458 826
461 820
456 820
459 817
461 812
464 814
468 814
468 811
455 813
446 812
444 805
455 803
453 798
459 797
464 800
451 794
440 798
411 849
405 850
413 808