1516 625
1520 614
1514 611
1510 620
1505 612
1500 610
1500 619
1501 626
1508 629
1503 634
1501 639
1501 648
1508 651
1512 658
1501 658
1505 666
1506 672
1498 667
1494 664
1494 660
1490 654
1498 652
1494 646
1492 639
1487 634
1492 631
1496 629
1498 633
1495 621
1496 612
1497 606
1489 611
1490 603
1485 607
1479 611
1477 615
1486 617
1490 624
1483 628
1484 648
1477 661
1474 658
1469 660
1467 653
1475 651
1477 643
1469 638
1475 635
1472 632
1479 631
1480 635
1485 644
1476 625
1478 621
1470 610
1462 610
1463 616
1462 621
1468 627
1463 634
1462 640
1462 648
1469 646
1454 647
1448 639
1455 635
1455 629
1461 628
1455 618
1450 621
1444 622
1449 631
1444 635
1440 639
1445 644
1433 638
1429 641
1430 633
1435 629
1440 627
1439 618
1435 622
1432 618
1430 613
1434 610
1437 615
1425 637
1426 628
1420 633
1415 639
1414 634
1408 641
1407 637
1405 630
1385 720
1379 723
1378 717
1371 721
1369 715
1370 713
1370 708
1368 705
1362 705
1378 710
1374 703
1385 707
1385 715
1389 710
1389 703
1381 699
1381 693
1388 693
1386 697
1385 688
1390 686
1378 685
1373 693
1373 690
1370 699
1364 698
1358 699
1356 693
1362 694
1352 689
1347 698
1348 704
1349 709
1337 711
1338 702
1335 697
1342 695
1340 688
1342 681
1346 685
1354 683
1353 677
1357 679
1362 688
1369 687
1372 683
1377 680
1384 680
1392 678
1393 673
1385 671
1379 674
1374 678
1374 674
1365 677
1358 672
1361 669
1363 662
1369 669
1369 662
1373 658
1379 662
1377 668
1385 660
1389 661
1395 658
1395 667
1400 667
1404 671
1402 673
1398 671
1397 647
1393 653
1386 655
1388 647
1380 648
1375 655
1374 650
1369 655
1369 619
1363 616
1365 609
1370 611
1365 604
1369 599
1367 593
1371 593
1361 591
1354 590
1353 596
1357 599
1354 609
1349 604
1354 617
1361 601
1350 589
1272 767
1277 770
1278 763
1281 761
1278 755
1282 754
1273 760
1274 753
1273 749
1280 747
1284 743
1281 738
1286 736
1285 733
1281 728
1281 722
1280 717
1276 714
1272 715
1274 719
1272 722
1268 719
1267 726
1265 721
1273 727
1276 732
1277 734
1275 740
1269 740
1272 734
1268 732
1263 737
1264 744
1266 752
1265 758
1260 752
1259 748
1260 728
1260 721
1266 764
1268 772
1258 769
1261 766
1263 776
1257 774
1255 780
1262 784
1262 790
1260 792
1253 789
1249 786
1247 783
1249 794
1247 791
1252 792
1254 796
1258 799
1258 802
1252 803
1255 808
1248 814
1252 812
1252 818
1248 822
1245 828
1239 826
1237 831
1235 818
1232 816
1231 809
1238 813
1241 820
1243 807
1248 809
1245 800
1238 801
1235 805
1232 798
1228 803
1225 795
1224 810
1231 790
1235 790
1243 794
1241 786
1240 780
1235 784
1235 775
1239 771
1245 769
1248 772
1250 766
1241 775
1232 779
1228 773
1231 772
1228 779
1229 776
1224 779
1219 783
1215 786
1222 789
1226 785
1252 827
1257 820
1245 702
1249 702
1253 697
1250 694
1243 694
1248 691
1256 688
1252 679
1243 680
1260 675
1261 661
1264 664
1267 657
1270 657
1268 650
1260 654
1255 659
1254 654
1253 649
1260 647
1266 640
1271 645
1265 634
1258 640
1253 643
1252 638
1252 633
1259 631
1252 629
1254 625
1259 624
1260 616
1267 626
1256 612
1260 611
1259 606
1259 596
1260 589
1247 597
1250 594
1250 603
1253 599
1250 616
1247 607
1240 605
1240 612
1242 618
1239 621
1236 623
1242 627
1247 627
1244 634
1238 633
1246 640
1243 644
1237 639
1241 650
1245 651
1244 654
1236 649
1253 670
1148 728
1144 722
1150 722
1149 715
1143 716
1141 714
1148 710
1140 707
1143 705
1146 701
1141 699
1148 698
1149 691
1153 701
1140 691
1144 694
1135 697
1135 701
1145 683
1152 678
1154 684
1156 674
1158 677
1146 672
1155 667
1162 669
1158 659
1149 656
1160 652
1155 647
1145 647
1137 648
1139 654
1145 640
1150 636
1145 631
1138 626
1152 622
1148 618
1135 639
1130 630
1125 628
1120 633
1123 643
1130 644
1128 638
1125 634
1124 638
1133 654
1136 661
1143 660
1147 665
1122 690
1122 699
1117 695
1117 687
1113 684
1117 684
1115 679
1122 680
1123 676
1135 714
1134 708
1161 636
1164 648
1169 641
1164 621
536 1008
537 1012
533 1011
530 1010
528 1006
531 1003
532 1006
536 1002
536 1005
532 998
535 997
527 1001
523 1004
521 1001
521 999
522 993
527 995
528 991
530 990
533 991
532 986
532 982
529 984
528 979
523 980
520 986
525 987
517 981
523 974
526 973
522 970
518 971
517 976
511 978
513 985
517 990
517 993
515 1002
512 1004
513 1006
513 1013
512 1009
507 1006
512 997
508 994
510 993
511 989
501 994
504 997
505 999
503 990
506 988
509 988
505 983
502 986
513 973
516 974
515 966
520 965
518 961
524 962
525 964
527 968
513 960
513 955
520 955
519 950
515 952
513 949
516 945
512 939
503 943
500 939
501 932
496 937
495 940
490 939
447 945
447 949
447 939
443 937
434 952
434 946
431 951
430 943
428 940
429 962
420 958
425 964
440 951
440 956
422 932
422 928
418 930
416 924
413 928
411 925
418 937
423 937
411 936
412 946
408 944
409 952
404 946
405 953
402 955
398 958
397 951
392 957
393 952
392 946
397 943
402 939
406 933
408 938
401 931
403 928
400 926
396 922
396 929
396 934
397 938
394 940
392 942
387 943
388 940
384 943
389 948
384 939
381 938
385 934
390 932
387 926
385 923
390 920
392 924
414 940
412 933