1461 599
1458 605
1452 596
1459 591
1454 589
1444 594
1450 603
1447 585
1453 580
1448 576
1440 581
1434 578
1442 575
1442 567
1436 569
1429 566
1433 562
1429 556
1439 559
1421 564
1427 573
1410 559
1408 553
1410 545
1402 550
1401 545
1405 536
1397 538
1392 537
1395 543
1390 546
1394 551
1389 555
632 887
639 886
637 877
632 878
628 877
644 877
641 883
641 871
641 864
637 863
637 856
645 857
642 842
639 849
635 849
636 839
633 843
630 846
627 849
624 845
626 842
622 855
622 850
616 855
628 860
631 852
613 858
612 862
617 861
622 860
620 866
615 870
622 877
624 880
626 873
628 872
641 813
644 811
639 808
633 809
633 804
627 802
621 807
627 807
628 810
626 813
622 815
618 820
617 814
633 815
577 832
571 830
579 823
572 821
568 817
565 821
564 816
562 814
566 814
564 810
559 810
562 805
569 809
569 804
573 813
575 802
567 798
557 798
556 789
561 791
502 791
496 788
491 783
496 779
502 774
493 766
490 772
476 763
466 768
461 765
453 769
456 771
452 775
457 779
463 779
470 775
473 768
477 780
467 783
472 788
475 785
478 790
476 795
471 793
472 800
474 800
477 801
477 806
470 805
474 813
483 815
484 820
477 820
478 837
473 836
479 832
467 845
462 841
456 839
456 844
459 846
456 850
459 852
465 848
438 862
428 865
432 859
427 854
432 848
430 844
432 838
429 832
425 832
420 834
419 830
424 827
431 824
427 822
431 818
422 816
427 812
426 816
436 812
425 804
432 804
428 800
422 807
418 806
418 801
419 794
424 793
426 796
430 791
426 788
423 784
422 778
416 776
408 772
409 779
411 785
407 790
401 786
403 779
401 782
396 777
398 774
404 772
418 782
418 787
422 843
419 850
416 856
419 856
422 859
426 861
422 865
422 868
415 863
418 860
406 846
400 855
403 854
393 850
397 847
400 843
404 839
407 837
400 834
397 825
394 818
389 820
386 816
385 823
389 826
393 830
385 833
388 829
388 838
388 841
393 844
394 838
391 855
389 859
395 860
398 863
393 867
387 863
394 862
1425 549