1535 621
1543 627
1538 632
1530 634
1522 625
1526 634
1526 645
1535 641
1535 648
1543 646
1542 655
1547 653
1550 656
1532 661
1535 654
1530 652
1521 652
1514 650
1517 645
1519 638
1514 636
1518 632
1511 631
1515 627
1506 616
1502 609
1500 614
1494 611
1489 617
1494 620
1501 620
1510 625
1505 628
1506 633
1498 630
1494 636
1501 639
1508 638
1511 641
1510 646
1507 644
1504 641
1497 643
1500 646
1499 653
1505 652
1512 658
1506 660
1498 659
1518 660
1508 665
1502 665
1505 671
1498 670
1501 675
1494 675
1489 673
1493 663
1444 634
1446 641
1439 637
1439 628
1436 623
1422 624
1417 637
1424 635
1424 632
1415 643
1423 644
1427 651
1409 650
1409 658
1419 657
1419 665
1415 669
1417 675
1414 679
1411 683
1422 682
1432 678
1425 670
1430 670
1425 662
1429 658
1433 663
1440 659
1437 668
1441 671
1446 668
1450 665
1445 678
1441 682
1439 675
1435 684
1438 689
1442 699
1452 695
1450 686
1451 677
1354 711
1355 718
1352 724
1358 731
1358 725
1351 736
1345 736
1347 742
1353 739
1343 727
1339 722
1340 714
1347 713
1333 710
1325 713
1334 720
1322 723
1318 715
1319 708
1322 701
1313 704
1311 711
1304 705
1302 711
1298 714
1303 718
1306 721
1311 717
1315 725
1320 732
1327 731
1314 743
1320 739
1313 734
1308 728
1303 731
1300 725
1298 720
1295 730
1298 736
1300 741
1308 737
1307 744
1303 749
1299 755
1296 748
1292 740
1334 735
1336 742
1329 745
1288 753
1290 758
1280 753
1278 760
1281 763
1284 759
1289 764
1285 769
1279 772
1275 769
1273 776
1279 779
1285 777
1290 772
1293 766
1296 770
1298 775
1305 771
1304 779
1294 781
1292 789
1289 786
1297 785
1304 786
1301 778
1311 692
1317 685
1310 676
1313 681
1302 685
1296 683
1296 675
1292 687
1293 692
1299 698
1291 699
1288 705
1289 710
1304 701
1309 699
1296 704
1204 800
1204 805
1205 810
1214 802
1214 806
1221 808
1216 812
1218 817
1225 820
1221 822
1227 826
1219 829
1214 831
1223 834
1211 823
1210 816
1206 820
1202 823
1206 829
1204 835
1198 839
1198 833
1197 826
1190 830
1190 838
1186 842
1190 845
1183 835
1191 823
1198 819
1212 837
1215 837
1209 835
1217 839
1154 714
1149 711
1144 716
1149 720
1159 720
1164 719
1162 728
1154 732
1153 727
1147 730
1142 724
1138 732
1144 737
1146 742
1153 737
1162 736
1166 745
1161 744
1155 745
1151 747
1145 750
1140 747
1136 745
1137 742
1138 739
1136 753
1141 754
1136 758
1147 760
1152 755
1160 751
1166 751
1112 684
1105 687
1113 691
1107 699
1115 696
1122 697
1121 691
1132 685
1131 691
1130 696
1114 703
1117 708
1110 709
1120 714
1124 709
1128 702
1132 708
1131 715
1136 715
1133 721
1126 721
1121 726
1129 726
1125 733
1134 730
1129 736
1124 742
1127 746
1118 746
1112 744
1114 740
1119 738
1108 736
1106 731
1112 732
1108 727
1116 730
1116 721
1109 721
1109 715
1100 692
1079 753
1068 762
1067 753
940 772
1062 758
1068 744
1061 745
1053 738
1049 748
1047 743
1056 750
1054 754
1054 760
1057 764
1047 767
1048 762
1043 766
1039 761
1041 752
1044 750
1032 786
1026 787
1018 785
1024 780
1019 772
1011 774
1009 772
1007 766
1015 761
1020 762
1011 789
1007 792
1002 798
997 796
993 793
994 784
994 777
991 769
984 764
986 784
986 791
979 792
985 798
979 801
972 798
966 794
970 787
973 790
974 781
969 778
975 775
980 778
998 760
995 754
977 758
982 754
978 747
970 751
968 758
966 765
974 765
959 757
964 752
955 750
966 744
965 739
957 739
972 732
978 737
974 744
972 751
961 771
969 771
954 767
946 760
945 768
937 763
940 757
937 755
931 751
922 755
920 763
929 762
923 772
930 769
927 780
920 781
930 787
940 781
944 777
949 774
951 784
958 779
947 791
940 789
938 794
932 793
927 792
925 797
931 798
927 802
924 806
932 807
926 812
936 803
935 813
940 807
948 798
953 796
956 703
949 711
942 707
939 715
934 704
925 702
928 713
856 816
851 812
845 812
841 813
846 817
843 819
851 817
850 821
853 827
846 823
845 745
841 736
841 731
838 724
831 719
830 726
834 732
824 732
822 726
823 721
818 736
813 745
820 744
825 742
830 740
832 735
835 742
829 748
824 750
819 752
825 830
824 836
817 829
810 832
813 837
820 824
818 817
808 810
814 804
809 803
812 796
805 794
800 798
797 804
804 803
801 811
796 812
792 815
799 815
806 826
807 822
804 818
800 821
796 828
792 830
785 828
781 824
785 819
788 822
795 820
782 833
777 830
790 834
783 836
712 676
716 681
723 688
718 689
710 688
706 680
702 687
700 683
692 689
698 691
692 697
697 696
703 696
709 695
712 696
718 699
724 696
728 692
717 694
725 703
721 706
717 712
712 703
707 705
699 704
695 706
693 711
704 712
711 711
710 717
723 716
725 710
729 715
722 723
717 721
717 727
711 724
705 728
704 720
698 723
693 716
699 717
694 721
692 727
696 734
697 729
703 734
712 732
718 733
712 738
706 741
699 741
703 737
704 816
699 822
694 816
697 812
691 822
688 828
685 835
692 840
691 834
693 827
696 833
700 830
708 829
711 823
704 837
698 838
698 844
693 846
687 844
688 850
694 852
700 850
700 855
696 857
693 863
690 868
687 862
700 864
698 869
721 857
726 855
718 849
714 853
708 851
705 855
711 845
720 845
715 842
723 845
713 863
720 863
687 855
687 900
680 900
693 903
696 908
691 912
686 911
687 906
683 916
689 917
699 914
673 914
675 919
666 916
662 913
659 918
658 925
663 923
666 927
668 924
670 927
681 929
679 925
673 931
668 935
662 937
665 940
680 937
674 942
667 944
666 951
670 957
675 961
673 952
679 946
680 953
681 958
680 965
673 967
667 965
664 959
662 950
620 953
611 954
606 951
609 947
615 947
621 942
621 935
613 939
607 937
607 942
608 933
604 928
608 925
612 923
614 932
618 926
626 925
633 923
624 920
616 920
612 917
606 920
601 921
602 916
607 911
614 911
621 913
627 914
632 907
626 906
630 900
624 891
623 899
616 900
619 906
615 894
610 904
603 894
599 899
595 907
597 915
602 933
601 937
602 943
624 932
622 948
571 985
570 979
567 976
561 981
560 988
566 986
564 966
559 963
558 972
552 973
553 966
549 974
547 967
553 960
546 957
541 965
539 972
536 974
532 970
538 979
543 976
553 977
556 978
561 977
534 965
539 960
542 961
557 949
552 947
548 948
485 1033
488 1030
481 1029
483 1023
480 1019
485 1020
487 1026
493 1018
494 1012
486 1014
482 1009
478 1010
478 1004
483 1004
485 1000
488 1008
491 1006
497 1008
502 1003
506 998
513 1000
513 994
506 993
502 989
500 993
508 1005
495 999
488 997
493 994
495 989
496 982
488 982
483 978
479 982
477 989
483 988
489 988
483 994
481 998
485 994
482 1015
479 1016
491 907
494 902
487 897
482 901
474 909
478 904
464 896
467 892
467 886
460 886
453 888
458 894
453 897
450 890
448 885
453 881
454 875
462 879
448 876
444 871
441 874
440 872
443 868
437 861
436 858
438 867
444 856
445 862
451 863
452 869
459 868
466 868
465 859
460 861
455 859
459 856
453 853
458 848
464 851
463 844
461 841
456 838
448 838
451 845
444 846
441 851
449 852
445 893
443 888
441 891
444 899
438 901
439 903
444 905
440 911
449 909
445 913
447 915
446 919
436 918
432 915
435 912
432 910
432 920
434 923
438 923
439 928
399 850
405 847
410 852