1311 633
1306 629
1299 623
1292 620
1295 614
1304 614
1308 621
1304 602
1306 606
1305 593
1311 597
1296 595
1289 598
1288 596
1285 606
1274 596
1277 590
1268 589
1272 582
1274 576
1279 571
1267 604
1262 603
1258 594
1272 614
1272 608
1259 610
1254 610
1252 618
1265 627
1261 625
1267 624
1258 627
1259 633
1262 631
1255 637
1253 641
1253 647
1258 648
1264 655
1269 647
1272 652
1279 649
1279 650
1275 642
1241 644
1236 638
1246 626
1243 620
1235 622
1234 617
1228 613
1221 608
1216 613
1221 626
1224 641
1223 650
1230 653
1230 647
1237 652
1238 658
1247 654
1244 664
1253 662
1252 669
1245 677
1240 680
1238 673
1234 673
1208 750
1203 746
1202 740
1198 735
1206 730
1195 646
1188 637
1181 648
1175 641
1179 633
1188 646
1171 632
1169 637
1164 630
1179 622
1181 619
1155 621
1088 659
1084 656
1085 648
1091 652
1095 651
1093 646
1092 642
1090 641
1089 647
1061 651
1066 643
1061 639
1073 636
1075 641
1066 631
1062 625
1053 637
1053 644
1071 655
1065 659
1068 663
1025 696
1018 701
1016 702
1009 694
1013 692
1018 698
1020 694
1018 689
1025 690
1030 683
1014 677
1022 674
1018 669
1027 668
1035 666
1034 660
1029 656
1023 662
1021 653
1015 650
1008 650
1007 654
1013 662
1008 668
1005 663
996 657
997 666
1003 669
1005 672
1004 677
1000 677
998 671
991 671
984 663
983 657
983 667
957 678
958 682
953 687
948 687
950 682
946 678
950 673
952 672
944 671
918 665
916 655
912 647
909 641
898 639
895 634
888 625
904 652
913 671
888 693
878 693
888 710
892 705
885 705
889 703
901 709
905 711
907 717
899 716
900 721
896 720
923 692
929 694
933 690
932 684
928 681
925 685
923 681
901 723
890 720
884 723
880 717
876 714
874 722
879 730
857 721
849 724
842 728
836 726
831 722
834 715
849 734
853 735
854 731
860 738
868 746
870 741
853 742
846 742
841 742
844 750
849 751
859 752
851 768
848 770
852 774
860 771
859 777
854 783
851 789
843 777
829 771
825 761
821 759
822 768
872 612
861 619
864 615
859 608
852 598
844 600
849 591
486 743
472 739
477 737
471 744
474 748
473 754
477 756
480 752
478 743
456 756
454 752
449 757
444 750
446 744
449 747
455 743
461 743
455 737
460 731
458 723
382 726