1523 565
1526 577
1521 582
1519 572
1508 559
1513 562
1512 568
1509 564
1509 569
1506 586
1506 590
1514 586
1515 582
1517 587
1513 592
1523 591
1525 600
1518 597
1517 606
1525 610
1524 617
1529 620
1523 623
1516 619
1510 611
1510 618
1508 623
1509 627
1516 630
1512 636
1520 633
1507 641
1500 640
1506 635
1507 630
1503 630
1503 625
1499 620
1497 624
1494 622
1490 624
1483 626
1486 629
1483 634
1482 638
1486 640
1489 638
1493 637
1495 643
1498 633
1493 630
1505 605
1501 609
1501 600
1500 595
1450 731
1441 729
1437 723
1441 719
1446 726
1449 718
1453 723
1454 713
1444 713
1436 715
1432 718
1432 710
1436 708
1441 705
1446 700
1451 707
1454 700
1461 697
1458 692
1451 693
1442 694
1436 699
1436 689
1432 692
1432 681
1439 682
1447 684
1454 685
1462 682
1461 674
1453 677
1452 672
1444 672
1433 675
1435 668
1439 663
1435 658
1441 655
1448 661
1447 652
1456 661
1459 654
1463 663
1467 660
1471 656
1473 664
1468 669
1464 655
1452 591
1455 585
1460 589
1465 583
1448 596
1445 583
1452 577
1460 571
1445 573
1449 568
1447 562
1439 562
1429 574
1434 577
1425 582
1439 589
1438 598
1434 608
1427 604
1426 614
1419 611
1420 604
1419 599
1433 619
1391 658
1386 648
1397 654
1382 658
1378 651
1373 657
1374 664
1368 666
1359 666
1364 659
1361 657
1368 651
1373 644
1371 639
1365 639
1360 645
1361 650
1358 647
1356 656
1350 655
1345 659
1347 666
1352 665
1353 659
1290 665
1293 669
1275 676
1271 673
1267 678
1263 678
1243 674
1240 670
1241 660
1235 674
1237 679
1241 684
1228 664
1248 659
1247 651
1237 655
1230 649
1223 646
1227 636
1215 643
1217 649
1236 643
1242 646
1241 637
1246 638
1251 636
1251 643
1248 630
1241 630
1232 630
1229 627
1236 623
1245 623
1218 634
1214 762
1214 768
1205 767
1198 773
1192 777
1179 772
1191 763
1196 764
1198 757
1204 762
1208 758
1209 751
1217 754
1220 749
1223 758
1223 750
1213 744
1207 742
1212 734
1201 749
1184 757
1191 752
1195 747
1196 742
1202 736
1206 731
1214 728
1210 723
1203 722
1200 719
1204 714
1202 728
1197 731
1191 737
1186 745
1181 748
1172 752
1176 736
1183 739
1184 730
1190 726
1194 723
1196 715
1190 705
1184 700
1178 702
1184 711
1186 718
1182 721
1176 715
1175 711
1169 718
1165 727
1167 733
1175 726
1175 744
1168 776
1169 782
1167 767
1165 757
1165 745
1153 742
1157 739
1148 733
1148 740
1140 738
1139 730
1133 735
1158 716
1167 706
1166 699
1152 718
1150 716
1149 722
1131 763
1122 765
1135 760
1141 764
1149 759
1144 758
1147 747
1155 750
1143 745
1139 747
1135 750
1137 742
1130 754
1123 757
1113 766
1114 760
1110 753
1115 752
1125 749
1124 741
1132 742
1118 744
1113 743
1108 735
1115 730
1126 727
1123 734
1132 726
1137 722
1129 719
1130 713
1122 715
1119 723
1113 715
1109 722
1105 724
1109 715
1118 711
1106 842
1110 839
1098 841
1088 841
1087 833
1095 835
1105 831
1109 828
1111 821
1121 823
1116 818
1097 823
1100 826
1088 826
1086 817
1091 815
1098 814
1105 817
1109 809
1103 804
1098 801
1096 796
1091 796
1086 802
1079 808
1080 796
1084 791
1071 792
1068 784
1060 788
1065 776
1073 775
1051 856
1052 849
1056 852
1058 857
1062 849
1064 856
1044 862
1037 858
1043 855
1043 848
1048 843
1037 850
1031 851
1032 845
1037 844
1043 839
1050 832
1044 830
1034 835
1033 828
1025 831
1027 822
1019 818
1021 826
1016 825
1040 821
1047 825
1054 825
1050 818
1057 818
1044 811
1051 808
1047 805
1041 803
1036 806
1034 814
1029 810
1028 814
1024 811
1026 809
1030 840
1022 841
1057 840
1055 845
1053 842
1052 837
1060 824
892 820
884 820
888 827
888 815
882 815
883 810
889 809
885 804
880 800
885 797
892 791
893 797
891 804
896 807
896 804
901 805
900 808
907 807
904 803
899 799
899 794
906 795
887 784
892 785
882 787
879 786
875 782
873 781
872 774
876 771
879 777
883 772
884 777
885 780
890 780
888 778
890 776
889 775
892 773
889 771
886 766
879 765
881 761
883 762
885 757
880 756
881 748
887 752
892 756
892 761
892 767
841 798
837 801
835 797
839 791
843 794
834 791
832 785
834 778
828 776
832 769
819 773
817 776
817 782
823 785
827 792
828 796
819 795
815 790
812 782
812 778
804 778
802 788
807 785
807 791
809 798
813 796
770 807
770 816
763 813
764 801
769 797
774 801
777 799
778 792
780 785
774 784
769 788
766 785
767 781
766 776
776 776
761 794
762 788
762 781
773 790
821 882
818 878
822 876
826 875
822 869
817 876
813 880
810 875
808 872
813 869
818 866
825 863
819 860
815 859
818 851
823 851
818 845
811 844
806 844
808 849
801 848
797 846
804 859
805 862
809 866
803 868
800 863
796 864
792 855
799 871
792 875
797 878
801 877
779 854
782 857
786 853
787 848
786 841
792 847
789 830
787 835
782 827
781 834
778 839
777 845
773 851
774 938
767 940
763 935
767 933
773 929
778 932
781 924
779 916
773 920
765 923
758 923
754 929
749 932
746 934
739 930
739 923
743 925
745 921
744 917
742 910
751 916
760 917
757 912
754 906
761 904
764 910
769 915
774 909
772 902
777 903
780 905
779 897
771 894
765 900
757 897
750 901
749 889
746 886
754 885
758 887
760 890
754 893
760 883
756 879
767 883
773 884
780 888
751 858
745 862
739 859
732 861
728 856
725 863
729 867
724 870
721 866
720 854
716 865
717 869
712 859
708 865
716 850
706 856
702 852
695 850
708 847
706 837
698 844
718 931
712 934
706 936
702 933
709 931
713 927
709 920
706 920
701 923
704 928
698 918
702 914
707 914
704 909
693 913
688 916
692 921
695 925
695 905
689 907
682 908
681 902
679 897
679 890
684 894
687 889
684 886
691 895
693 889
696 887
697 897
700 891
704 899
707 903
707 890
702 887
699 881
700 876
694 877
695 873
690 872
691 884
686 878
699 870
674 899
675 893
673 888
669 894
664 888
664 897
658 897
656 891
655 885
658 881
649 884
646 890
643 895
640 900
640 905
641 912
644 916
642 922
649 924
653 929
656 922
657 918
651 916
655 911
653 905
646 908
649 901
650 895
654 900
634 917
634 909
633 896
627 891
629 884
637 889
624 882
627 877
640 877
642 885
646 879
644 868
636 869
633 872
603 953
607 951
604 948
598 950
592 952
596 957
590 947
595 945
602 942
605 937
601 935
594 937
586 942
585 936
582 947
579 942
575 940
571 936
564 935
567 934
561 928
562 923
566 924
563 918
567 917
573 919
565 911
569 907
573 910
575 905
577 914
581 921
578 931
572 929
581 934
585 928
590 928
589 933
596 931
600 926
595 922
600 918
598 912
599 905
604 907
604 914
593 914
587 913
588 922
593 908
592 903
585 904
581 909
554 996
550 1002
545 1001
547 997
548 992
545 986
543 994
540 996
541 1000
536 998
535 993
539 989
536 982
540 979
543 980
546 978
550 982
542 974
539 972
535 974
535 978
535 967
537 967
537 962
534 963
535 959
530 960
543 960
543 964
546 966
545 971
553 977
549 973
551 970
550 967
554 965
558 968
559 961
561 963
557 973
560 975
563 972
566 973
563 976
549 961
554 959
561 880
560 875
553 875
549 878
547 873
543 876
536 879
535 886
530 881
525 884
525 878
532 875
526 872
520 875
522 870
522 864
517 868
514 864
518 871
527 865
532 870
533 866
541 868
533 859
534 851
528 859
529 853
526 853
527 845
519 849
517 856
511 857
512 851
516 846
510 846
507 851
507 862
489 909
489 904
485 907
482 901
485 897
482 896
479 906
478 910
483 910
485 913
473 905
474 900
474 896
468 898
468 901
465 900
463 895
461 891
467 889
468 885
474 882
480 879
484 884
479 885
458 886
454 890
450 885
454 882
453 875
459 880
458 874
460 869
466 864
465 861
449 855
440 856
437 854
434 858
436 865
442 864
439 870
445 872
441 875
446 878
451 867
454 863
459 862
454 870
542 915
551 913
546 907
540 907
1095 716
1099 706
1095 702
1100 692
1108 686
1103 678
1089 672
1080 673
1080 681
1069 680
1075 685
1078 695
1073 700
1066 694
1076 712
1081 707
1085 711
1086 702
1087 691
1087 683