1894 475
1901 477
1902 471
1907 473
1907 478
1911 475
1912 484
1912 480
1866 489
1860 491
1859 486
1871 492
1871 485
1876 491
1865 495
1863 501
1855 499
1858 506
1861 509
1849 499
1848 506
1844 503
1840 501
1837 508
1840 511
1835 518
1839 522
1839 515
1843 520
1845 515
1849 512
1850 518
1856 511
1857 522
1850 525
1844 529
1853 530
1859 537
1864 528
1864 523
1867 512
1869 506
1876 507
1872 512
1874 518
1879 515
1883 511
1882 523
1878 526
1874 526
1870 526
1869 529
1873 529
1880 530
1882 539
1888 527
1876 538
1871 539
1866 537
1870 533
1872 547
1875 551
1849 536
1846 535
1839 534
1837 531
1839 526
1855 533
1856 529
1861 516
1856 517
1842 555
1838 555
1840 549
1836 550
1834 544
1829 551
1822 546
1820 538
1817 547
1820 550
1821 555
1813 552
1808 546
1811 543
1814 536
1805 541
1799 544
1802 548
1803 555
1800 556
1796 557
1791 558
1796 562
1803 560
1813 566
1816 562
1820 562
1822 560
1824 563
1805 572
1812 574
1808 577
1808 583
1804 580
1800 583
1798 575
1796 577
1798 568
1790 567
1798 551
1756 606
1760 598
1746 599
1752 595
1759 589
1764 604
1740 597
1740 589
1746 588
1752 584
1743 580
1748 577
1744 573
1736 576
1735 583
1732 590
1730 584
1728 577
1722 579
1691 611
1686 619
1684 614
1682 624
1673 614
1682 605
1682 597
1685 592
1676 593
1672 597
1668 593
1671 605
1665 601
1657 577
1660 571
1664 574
1664 579
1663 562
1668 555
1655 562
1654 570
1658 553
1643 561
1646 556
1641 551
1660 611
1661 618
1652 611
1608 669
1604 662
1597 661
1602 655
1609 659
1600 666
1595 656
1582 659
1580 652
1577 647
1574 653
1569 652
1568 648
1563 650
1566 657
1560 659
1551 672
1557 675
1557 668
1563 670
1570 673
1570 666
1577 664
1574 659
1564 665
1554 684
1550 679
1560 685
1563 679
1552 663
1490 701
1486 698
1489 693
1479 692
1481 688
1485 690
1483 682
1477 687
1480 680
1475 683
1474 677
1469 685
1471 681
1470 674
1465 679
1462 686
1461 694
1467 693
1467 700
1469 704
1465 710
1469 715
1473 710
1476 717
1470 722
1474 700
1472 694
1438 641
1433 651
1425 644
1427 639
1415 648
1418 644
1418 654
1341 713
1340 709
1349 709
1354 708
1359 710
1357 701
1351 696
1346 702
1343 699
1335 699
1338 695
1346 692
1334 687
1340 685
1347 686
1355 687
1360 690
1362 694
1355 677
1346 671
1352 667
1359 674
1345 679
1324 683
1320 676
1327 667
1327 657
1326 651
1301 668
1297 672
1288 675
1285 689
1273 687
1275 679
1282 676
1289 667
1296 666
1120 645
1123 653
1109 654
1115 664
1043 644
1047 651
1037 653
1033 658
1027 661
1021 663
1021 659
1124 733
1128 728
1127 724
1128 736
1120 737
1114 736
1117 730
1109 731
1112 726
1120 724
1133 726
1049 737
1052 734
1056 730
1047 727
1042 735
1038 740
1034 734
1039 730
1043 724
1052 743
1030 742
1025 744
1025 736
1022 734
1018 738
1022 756
1026 759
1030 763
1026 751
1019 748
1012 743
1009 748
1016 758
1016 764
1006 762
998 760
1002 752
994 748
999 743
1002 747
999 737
992 737
991 743
984 747
989 751
978 750
975 745
980 743
985 738
977 738
980 733
973 730
971 738
976 811
971 812
977 817
980 813
983 822
985 828
977 827
972 821
969 817
968 822
966 828
969 834
977 830
879 755
882 749
874 749
864 753
867 756
861 759
859 765
860 773
845 686
843 681
845 693
841 696
845 703
847 700
837 690
795 779
790 783
787 774
786 767
766 769
767 764
771 769
772 765
761 766
762 763
762 759
769 758
773 751
776 759
779 755
783 740
774 743
765 750
725 765
718 780
716 774
724 782
727 777
733 776
719 770
722 769
715 764
720 761
717 760
714 759
713 756
718 751
723 753
730 755
724 759
727 747
722 748
713 749
714 744
718 743
724 742
721 739
720 733
716 738
711 739
709 745
678 795
680 789
673 788
675 784
675 779
670 784
667 777
664 782
664 787
666 794
669 789
671 792
672 799
669 801
673 791
662 828
655 823
658 818
663 821
656 830
655 838
658 840
658 834
652 833
650 826
638 828
634 827
644 830
641 835
634 835
640 840
636 843
638 849
644 856
644 850
650 851
650 846
645 844
649 840
644 824
597 841
587 837
597 835
603 837
609 837
606 831
600 830
596 816
586 817
574 814
576 807
567 810
563 805
564 818
559 810
569 828
563 830
562 827
561 823
557 828
554 823
549 825
553 819
550 814
555 813
558 836
550 838
550 832
495 806
489 808
486 811
491 801
484 801
466 793
461 791
462 784
471 785
476 783
477 788
472 776
473 793
218 830
216 826
213 832
209 834
207 830
208 827
212 826
208 821
203 824
203 829
200 827
200 831
212 854
212 850
211 846
118 851
118 847
121 849
120 845
123 846
126 843
119 841
122 836
127 835
127 831
125 829
128 826
133 832
131 828
133 837
131 841
150 842
146 845
146 839
147 836
46 831
47 833
45 833
46 837
49 839
45 840
35 844
33 846
29 841
27 844
29 846
25 845
27 849
52 869
52 867
51 863
53 861
49 867
78 900
73 901
75 904
70 903
67 908
71 909
72 911
76 912
78 915
80 913
83 915
81 917