1893 486
1891 489
1886 491
1884 486
1888 483
1891 481
1888 476
1884 469
1877 470
1880 467
1870 466
1871 472
1872 481
1874 484
1876 489
1877 482
1880 483
1871 492
1869 494
1867 492
1868 487
1861 488
1857 484
1857 476
1860 479
1851 472
1852 474
1842 478
1858 500
1861 499
1865 501
1858 509
1854 507
1852 508
1852 502
1887 471
1424 576
1421 567
1417 564
1410 567
1409 560
1414 555
1418 557
1414 576
1408 578
1405 585
1414 586
1417 580
1418 592
1417 598
1409 595
1406 595
1407 603
1411 603
1411 597
1414 609
1411 614
1420 614
1423 607
1428 610
1416 622
1423 585
1401 618
1394 615
1393 622
1393 628
1400 625
1400 632
1397 640
1392 644
1386 642
1385 633
1382 637
1382 633
1384 630
1381 625
1386 620
1381 616
1375 622
1375 628
1369 623
1364 629
1363 635
1359 629
1362 623
1374 617
1368 616
1377 611
1369 608
1365 603
1375 597
1381 605
1323 632
1321 626
1316 628
1317 621
1311 625
1310 616
1314 614
1320 611
1325 611
1324 617
1317 607
1310 610
1309 603
1311 597
1316 598
1299 596
1299 603
1305 599
1300 588
1293 592
1292 600
1286 596
1285 591
1288 605
1285 611
1283 618
1290 617
1291 609
1301 615
1300 608
1298 620
1304 622
1284 663
1283 672
1281 670
1273 670
1276 663
1268 666
1265 671
1256 671
1251 667
1253 662
1260 658
1261 654
1254 653
1248 655
1249 649
1249 641
1246 636
1243 640
1242 649
1241 657
1236 657
1232 667
1237 672
1239 663
1246 664
1245 670
1279 680
1272 684
1267 681
1265 689
1266 696
1262 695
1258 701
1265 705
1270 706
1274 710
1275 714
1259 716
1255 710
1250 735
1244 734
1240 740
1245 745
1243 750
1236 746
1237 755
1231 758
1232 761
1227 764
1223 762
1218 765
1222 751
1215 749
1216 757
1231 749
1226 745
1226 738
1219 739
1212 742
1235 737
1233 730
1238 728
1225 731
1215 733
1215 726
1210 725
1216 720
1220 715
1224 724
1228 718
1238 718
1232 711
1240 709
1248 708
1241 699
1235 702
1248 695
1242 686
1243 680
1248 676
1236 680
1236 685
1225 683
1227 679
1219 677
1217 684
1211 688
1208 694
1216 693
1219 688
1223 695
1212 702
1210 707
1219 707
1226 707
1211 717
1200 715
1200 707
1202 700
907 718
897 711
902 708
906 712
905 703
888 730
891 729
880 730
896 744
899 738
887 743
883 747
895 751
895 760
901 758
902 760
900 768
897 772
888 770
885 769
879 770
878 777
871 778
870 774
874 765
876 759
881 756
874 750
866 753
860 754
855 757
853 764
857 768
859 765
863 768
863 772
857 780
857 786
851 790
843 794
843 787
845 780
837 779
839 770
848 770
844 763
832 763
850 748
853 746
854 750
852 739
855 741
864 740
864 746
861 747
861 783
859 790
853 774
830 851
822 839
824 833
829 832
832 837
822 844
825 844
824 738
821 732
813 735
813 742
811 747
806 751
800 747
796 743
798 750
801 759
809 759
809 766
801 769
795 770
794 764
796 765
779 777
776 772
772 778
773 783
780 787
780 791
745 760
740 762
741 757
732 754
731 749
733 747
726 751
704 747
716 745
715 740
704 736
710 743
701 741
697 738
702 731
701 750
705 755
692 770
696 777
690 778
688 774
697 769
683 771
687 767
685 763
682 762
687 757
690 754
688 751
684 747
677 745
674 746
679 751
674 758
674 764
670 767
672 760
664 763
662 763
662 756
656 755
667 752
667 758
667 761
636 770
631 772
628 767
635 764
628 762
608 778
599 773
604 766
611 769
604 751
598 754
591 751
588 755
587 786
582 783
586 773
592 779
586 780
574 766
574 770
571 767
570 788
571 792
567 794
571 799
576 797
577 801
576 806
586 798
582 794
558 804
557 800
552 804
546 797
540 791
544 785
550 791
546 807
550 817
301 785
300 781