1486 768
1480 770
1476 765
1479 758
1486 762
1492 762
1492 768
1490 755
1484 750
1483 744
1491 747
1491 740
1487 737
1491 732
1494 727
1483 732
1478 731
1484 726
1477 742
1477 748
1470 753
1470 744
1472 737
1416 692
1418 689
1411 685
1412 681
1404 681
1399 684
1405 688
1402 693
1409 692
1404 700
1410 699
1409 706
1414 704
1401 707
1403 711
1407 715
1402 720
1398 717
1398 725
1405 726
1411 726
1409 722
1407 731
1401 731
1403 737
1390 731
1393 722
1397 699
1394 693
1389 692
1393 687
1395 677
1391 675
1389 683
1379 684
1382 675
1373 680
1371 676
1367 675
1365 674
1367 681
1365 686
1363 692
1369 693
1373 686
1377 693
1373 698
1364 701
1375 703
1384 692
1369 718
1365 714
1362 709
1370 706
1371 711
1372 705
1371 695
1350 741
1346 745
1336 748
1334 755
1331 762
1331 726
1339 730
1329 734
1190 808
1185 810
1178 814
1192 816
1184 819
1178 819
1175 806
1178 799
1185 794
1183 785
1177 789
1179 780
1168 805
1170 795
1168 791
1161 797
1158 808
1163 811
1157 792
1159 784
1161 774
1168 782
1170 776
1172 771
1091 801
1084 806
1081 814
1089 819
1093 813
1089 811
1081 820
1075 811
1076 806
1075 799
1078 794
1080 789
1085 785
1083 776
1075 778
1075 772
1066 780
1063 765
1061 757
1056 762
1060 751
1055 768
1053 754
1076 761
1058 779
1053 784
1056 790
1061 788
1062 793
1067 790
1069 795
1073 789
1067 802
1062 807
1057 799
1062 798
1051 804
1046 800
1052 795
1051 790
1047 784
1043 787
1044 791
1041 794
1048 793
1042 805
1035 803
1034 810
1042 812
1048 811
1054 810
1046 818
1041 823
1032 821
1037 818
1030 816
1054 816
1058 813
1058 794
1004 783
1008 779
1006 773
999 776
994 774
995 781
990 783
987 777
971 775
975 773
975 778
972 783
966 783
968 785
973 790
978 789
978 783
981 788
991 800
997 789
998 794
996 806
993 813
988 810
986 806
981 813
987 817
987 824
994 825
999 824
996 829
1003 829
989 839
983 840
980 833
987 832
978 823
973 842
971 832
975 833
972 825
973 820
975 814
972 806
977 802
976 796
971 800
965 796
959 789
958 796
955 806
960 810
961 806
965 803
967 812
951 811
955 815
953 821
961 821
967 820
885 830
895 831
894 837
883 842
881 849
877 843
890 849
891 856
883 863
888 863
891 861
878 855
874 860
871 856
873 850
867 847
870 838
863 841
875 829
874 825
877 813
881 812
882 808
896 803
872 800
873 804
867 802
861 795
856 811
857 817
863 828
860 822
866 826
855 828
856 843
849 834
848 839
850 848
858 848
861 853
858 856
859 863
852 865
854 869
847 872
844 868
839 871
835 867
834 870
839 861
832 860
837 856
836 850
841 849
839 843
843 837
846 845
843 841
844 852
842 854
848 854
851 857
845 859
847 861
858 835
852 823
845 897
840 890
843 887
839 896
835 898
837 902
833 904
830 903
829 899
834 891
836 884
829 883
829 886
826 888
827 895
822 898
815 894
821 891
817 886
822 882
825 876
827 871
820 870
818 876
816 880
811 883
785 918
773 927
778 921
777 916
777 910
782 908
776 906
771 909
772 914
768 915
772 919
768 922
768 930
763 932
755 932
760 934
758 928
763 925
755 925
759 921
764 919
762 913
727 818
731 816
732 823
727 825
735 830
728 832
735 839
741 830
726 839
720 834
721 828
715 831
711 837
711 843
718 839
718 845
723 846
728 851
731 845
736 848
723 853
717 852
711 847
706 846
707 850
704 854
707 858
711 854
713 857
710 861
719 858
739 834
692 844
701 849
698 844
696 839
696 834
692 837
688 840
684 844
681 840
684 837
688 833
690 829
693 823
698 819
695 815
689 815
689 819
686 823
684 828
680 828
678 831
682 832
675 827
677 823
680 818
683 815
687 809
695 806
691 803
695 799
687 794
682 791
679 799
684 805
678 811
674 808
670 813
672 817
669 804
677 805
675 801
674 796
674 789
668 793
668 786
671 781
661 786
660 791
660 796
663 800
666 808
670 831
663 831
667 838
642 863
635 863
640 868
635 867
646 859
631 858
632 851
635 848
633 844
628 843
628 852
625 856
624 860
624 864
628 869
619 865
614 871
612 867
621 872
608 864
606 858
610 855
611 858
613 852
611 851
610 844
602 840
605 832
603 830
600 832
598 831
600 828
598 825
595 820
598 816
602 820
592 826
594 832
596 837
590 835
593 840
590 843
585 841
599 845
594 848
598 851
593 854
590 859
588 856
586 849
600 857
617 820
612 815
614 810
611 804
613 802
607 807
621 820
594 864
548 826
553 823
555 828
557 826
550 833
543 832
543 836
546 834
546 839
555 836
558 831
562 836
564 838
567 843
567 833
571 841
574 844
576 849
570 851
567 853
564 848
560 847
561 842
553 843
548 845
544 850
553 849
549 852
552 854
550 857
545 857
546 861
550 863
546 876
550 876
547 872
550 869
552 869
557 861
559 865
565 860
561 856
571 858
573 853
555 873
557 875
560 870
562 874
560 791
555 798
549 794
541 794
517 875
517 873
516 867
516 865
512 863
507 865
511 870
511 876
504 876
506 873
506 870
503 867
501 864
499 868
502 870
502 863
508 859
500 860
497 862
495 864
490 871
485 872
484 866
484 860
479 861
475 859
480 859
481 854
477 853
474 853
474 862
478 865
474 868
471 868
465 866
464 872
472 873
478 872
470 877
470 862
468 864
481 815
478 807
485 802
478 799
474 794
470 794
471 799
466 798
463 805
466 812
468 815
461 813
471 809
473 812
474 814
423 759
420 755
413 749
414 753
410 752
407 746
410 758
413 758
404 757
402 749
397 752
393 755
397 755
396 762
400 763
404 763
406 763
397 769
402 770
402 775
398 778
406 770
408 768
411 766
413 765
418 763
419 768
415 771
419 773
412 775
407 774
407 778
402 781
399 784
402 786
407 783
411 781
413 782
417 778
419 784
415 786
413 789
411 791
407 792
413 795
416 790
437 880
433 878
436 884
431 887
425 884
422 888
429 892
425 891
418 894
414 895
414 891
416 889
408 893
409 888
411 885
415 884
417 880
415 880
410 881
405 883
405 887
404 878
404 872
408 871
412 871
415 869
414 875
417 872
421 868
417 864
420 859
415 858
418 854
422 854
415 849
412 852
409 857
405 861
410 862
412 865
412 868
407 867
402 865
427 933
427 929
422 931
416 934
419 935
413 931
418 927
421 924
417 920
415 917
411 921
412 926
410 928
407 928
408 932
477 878