1388 584
1387 578
1381 583
1381 572
1374 579
1370 574
1362 574
1363 580
1368 588
1363 588
1377 591
1386 595
1373 602
1368 598
1363 601
1359 600
1356 597
1350 594
1348 586
1352 576
1415 686
1412 700
1408 692
1403 683
1406 675
1396 675
1392 684
1393 701
1384 699
1387 694
1386 687
1380 691
1380 700
1379 696
1372 698
1373 691
1370 688
1362 698
1355 695
1359 687
1366 682
1358 704
1368 704
1362 713
1358 717
1349 704
1114 691
1102 688
1093 684
1087 693
1087 681
1080 702
1077 697
1079 693
1076 709
1079 716
1086 709
1086 703
1095 701
1104 703
1106 694
1112 701
1111 710
1124 703
1117 718
1113 724
1104 714
1102 722
1096 708
1093 716
1087 718
1085 727
1093 726
1092 732
1101 730
1105 728
1115 731
1110 745
1103 739
1102 747
1095 742
1096 736
1089 739
1091 747
1097 752
1093 758
1086 748
1085 742
1106 753
1130 809
1131 799
1123 800
1119 813
1115 811
1113 818
1108 825
1115 825
1105 832
1104 818
1108 812
1103 810
1108 798
1108 789
1105 784
1089 818
1096 809
1089 809
1087 803
1079 802
1080 796
1086 791
1072 800
1073 806
1082 818
1073 815
1067 810
1066 801
1066 795
1071 790
1075 786
1082 783
1086 777
1088 785
1081 771
1075 778
1067 776
1064 783
1060 777
1055 781
1062 769
1067 768
1070 765
1067 763
1070 760
1062 763
1057 756
1055 764
1045 777
1044 782
1033 781
1028 773
1033 769
1037 761
1042 763
1045 759
1046 766
1043 770
1046 773
1052 773
1055 771
1058 774
1048 742
1047 748
1043 752
1032 753
1035 747
1027 748
1026 742
1033 738
1030 732
1025 733
1033 729
1037 721
1030 720
1045 721
1042 732
1048 730
1053 724
1057 717
1062 708
972 713
978 724
971 721
961 719
965 711
959 714
954 716
945 715
948 709
943 708
938 714
934 721
940 723
948 723
951 730
942 731
936 728
959 730
966 728
971 731
966 736
964 742
971 741
961 738
954 736
949 738
941 740
935 735
933 730
932 743
932 750
939 746
941 748
937 750
946 744
955 744
950 750
945 753
947 759
952 760
952 767
948 766
953 775
959 772
967 773
967 767
958 762
960 756
961 749
969 748
968 757
974 753
973 738
941 761
935 763
933 759
939 755
926 762
926 752
926 747
923 744
920 755
919 762
915 758
911 754
910 762
909 769
917 769
924 773
928 769
930 776
934 784
937 787
930 791
923 789
926 782
918 784
916 777
911 783
908 775
917 790
918 795
910 800
911 794
903 796
901 804
908 806
902 812
905 815
895 817
893 810
888 804
893 801
897 795
890 792
897 789
894 785
901 781
896 770
890 774
929 838
923 835
923 832
937 844
938 837
936 853
928 851
924 846
930 859
879 847
873 841
881 839
885 834
881 830
874 834
866 834
864 829
868 824
876 825
879 819
884 824
886 817
881 810
877 815
872 813
872 817
865 816
866 812
860 823
857 820
858 814
870 797
864 790
863 780
850 782
842 784
839 779
847 776
838 773
844 769
841 762
834 767
826 761
824 769
830 775
833 779
835 783
835 760
831 755
835 753
839 756
844 752
841 749
846 744
860 760
851 762
848 789
817 815
809 818
807 826
817 824
808 831
802 824
801 819
804 815
805 809
810 807
811 803
813 807
800 809
800 804
793 806
798 797
795 792
788 796
779 787
778 797
781 797
784 807
789 805
774 810
768 805
762 811
765 809
770 816
777 820
785 822
791 824
787 830
783 833
788 838
795 836
782 842
779 836
775 834
770 835
765 834
767 838
762 845
769 847
765 853
761 860
756 852
755 843
758 837
756 829
752 835
760 825
763 819
755 816
752 822
748 807
744 801
742 808
738 803
737 796
735 788
736 783
728 786
725 788
721 783
716 786
719 791
729 793
731 800
732 806
767 827
774 828
781 823
781 827
468 952
466 947
463 951
458 947
454 952
454 948
456 944
434 942
435 939
430 934
434 931
440 924
440 931
431 922
427 928
423 922
425 917
427 912
424 907
430 904
441 907
423 900
422 895
417 895
417 902
418 909
415 915
417 922
410 915
406 920
407 905
411 902
412 896
409 908
404 912
398 987
407 966
404 961
404 955
399 953
399 962
396 965
395 957
391 962
389 955
391 951
394 946
389 945
385 949
385 946
382 950
386 954
386 960
384 963
388 966
393 969
392 972
389 978
390 985
395 980
398 973
402 978
400 968
401 965
425 937
428 940
421 893
416 890
423 887
416 886
415 881
419 881
417 878
419 876
422 878
426 874
427 878
424 881
422 882
427 882
417 868
408 872
411 876
409 866
414 861
410 857
405 863
401 866
402 870