1513 660
1510 652
1518 654
1514 649
1516 649
1520 644
1496 626
1508 639
1490 622
1497 621
1492 616
1496 614
1496 607
1490 610
1491 604
1495 597
1503 595
1487 595
1481 595
1484 599
1479 602
1479 608
1474 604
1472 610
1474 617
1471 615
1481 617
1478 622
1486 623
1485 611
1485 604
1490 661
1489 654
1486 646
1480 647
1485 656
1420 634
1414 630
1418 624
1423 628
1425 619
1420 614
1426 607
1419 608
1421 602
1416 606
1415 611
1412 622
1406 633
1408 641
1413 637
1404 624
1403 618
1407 614
1402 611
1407 607
1401 599
1409 598
1417 596
1416 592
1407 593
1412 585
1418 585
1427 587
1425 593
1420 581
1412 577
1415 571
1406 574
1404 585
1398 581
1396 588
1393 594
1395 604
1397 603
1400 608
1365 571
1351 585
1347 573
1351 573
1346 563
1346 558
1338 552
1334 559
1338 565
1337 573
1345 584
1341 588
1336 592
1334 584
1330 591
1330 597
1339 600
1335 602
1331 607
1339 612
1342 606
1325 604
1321 597
1318 589
1325 593
1326 584
1319 578
1328 577
1323 574
1326 571
1318 572
1320 566
1313 568
1327 563
1327 555
1329 550
1332 543
1321 550
1314 557
1315 545
1325 539
1318 533
1324 529
1330 532
1338 540
1360 546
1365 553
1360 557
1367 550
1355 548
1238 662
1241 656
1240 649
1233 646
1230 654
1232 669
1231 677
1241 671
1222 656
1225 662
1211 660
1212 652
1218 649
1220 642
1226 643
1225 647
1224 649
1225 635
1233 633
1232 631
1233 620
1228 610
1239 610
1234 603
1242 602
1241 593
1248 596
1235 592
1231 585
1229 593
1229 600
1225 604
1220 600
1224 585
1216 587
1220 580
1213 582
1211 575
1217 568
1210 568
1212 561
1225 561
1214 638
1216 635
1211 633
1207 633
1206 638
1204 642
1199 640
1194 637
1201 629
1197 621
1191 617
1183 621
1191 629
1181 629
1176 631
1187 640
1191 646
1187 650
1182 644
1177 638
1171 641
1168 644
1161 646
1175 648
1182 654
1190 656
1195 656
1199 650
1205 652
1201 657
1194 663
1185 664
1179 669
1177 663
1175 656
1165 660
1162 664
1162 670
1170 670
1176 676
1181 676
1187 674
1194 671
1192 676
1199 676
1197 684
1189 681
1181 683
1175 684
1170 683
1166 687
1160 686
1157 685
1153 689
1151 696
1160 693
1165 695
1173 692
1178 691
1184 694
1190 689
1198 691
1193 698
1198 698
1188 710
1185 703
1178 699
1172 698
1172 706
1165 707
1165 701
1157 701
1158 708
1151 708
1149 703
1152 714
1156 719
1163 713
1164 719
1170 716
1170 712
1175 712
1176 722
1179 717
1181 725
1179 731
1170 729
1164 733
1163 727
1158 730
1156 725
1166 741
1174 741
1176 749
1167 749
1174 734
1178 735
1119 711
1113 708
1111 705
1119 697
1123 704
1126 694
1122 687
1125 689
1129 683
1127 677
1122 679
1119 675
1111 685
1113 677
1112 696
1117 667
1125 667
1125 664
1129 659
1120 659
1122 657
1117 654
1108 653
1110 647
1114 641
1107 636
1103 655
1108 664
1105 666
1107 674
1097 680
1105 684
1092 671
1097 664
1089 667
1085 672
1085 677
1089 682
1091 684
1088 687
1086 691
1084 693
1090 697
1094 692
1096 689
1100 695
1095 696
1103 701
1101 706
1099 713
1105 715
1099 724
1094 728
1090 719
1085 727
1089 732
1095 736
1089 739
1083 735
1078 741
1075 748
1080 755
1086 745
1091 743
1090 748
1073 726
1073 718
1079 720
1080 714
1082 718
1084 708
1082 705
1089 711
1074 693
1069 689
1064 691
1071 701
1060 729
1061 720
1063 716
1046 722
1039 734
1043 736
1034 740
1030 744
1028 755
1021 745
1028 752
1034 733
1032 719
1037 713
1037 719
1024 725
1024 731
1025 718
1022 712
1027 708
1023 702
1017 702
1016 707
1011 703
1006 708
1001 717
1016 716
1016 721
1012 725
1018 727
1012 731
1016 734
1018 731
1018 735
951 683
947 674
950 670
956 670
958 675
943 680
936 672
933 681
927 675
929 671
934 669
933 664
938 664
944 661
945 655
938 653
917 663
918 658
928 655
929 686
933 690
941 686
886 660
887 655
880 654
880 660
875 664
869 666
871 661
874 656
875 650
877 643
882 642
883 647
878 638
929 765
933 764
934 771
925 771
924 764
925 780
921 776
920 781
932 779
930 786
925 790
928 791
929 796
935 798
932 802
938 797
940 805
939 809
941 838
938 830
945 837
934 840
932 827
926 830
924 825
916 828
911 829
907 820
919 820
911 815
905 814
899 815
903 818
903 799
906 794
905 790
900 790
904 783
910 788
910 784
928 843
923 836
919 842
918 836
912 838
905 838
904 830
899 834
897 828
895 833
900 842
906 847
913 845
918 851
909 853
922 849
929 851
926 857
933 855
930 861
938 859
938 864
933 866
941 868
939 874
941 882
943 879
935 886
934 880
926 882
923 875
930 873
926 867
919 868
916 867
919 863
915 858
910 863
896 857
878 903
866 901
867 890
877 896
881 891
873 886
866 882
872 874
872 879
879 880
891 885
892 876
899 874
898 882
886 873
877 871
891 867
888 860
887 851
880 856
880 862
872 866
866 861
870 859
867 852
862 850
864 847
868 840
876 844
884 836
879 834
881 827
872 826
867 831
862 836
855 839
856 845
854 851
850 850
845 856
858 864
847 869
857 856
826 808
827 802
819 806
815 800
816 791
821 793
829 794
825 788
819 782
817 776
823 769
827 775
817 767
814 753
809 752
813 746
808 740
840 766
843 762
843 758
846 757
848 770
838 751
843 748
837 742
848 744
802 803
779 791
775 783
771 782
766 786
728 868
722 872
719 867
722 864
713 860
717 857
729 854
728 861
722 848
729 845
725 842
715 850
710 855
708 846
706 840
710 836
717 844
719 836
717 829
723 830
729 833
732 827
730 821
725 821
720 821
715 821
714 815
710 815
714 808
707 810
702 811
705 815
702 821
709 825
707 828
701 836
699 830
728 786
728 777
717 769
698 772
703 775
697 778
700 767
708 780
700 780
706 759
707 756
661 892
666 891
664 884
663 877
658 870
653 871
650 877
657 878
656 882
653 888
649 883
652 893
647 885
646 878
644 870
656 865
652 848
647 843
643 844
646 848
638 846
638 837
632 841
630 837
628 841
625 845
630 849
636 854
642 855
639 864
633 865
630 859
625 854
628 853
621 854
615 851
611 852
617 857
612 859
618 864
625 864
626 869
636 872
639 879
639 884
642 892
644 897
640 904
637 897
635 891
626 903
624 907
623 898
629 891
633 885
629 879
621 877
623 882
622 888
628 883
625 889
622 911
626 919
628 924
620 926
614 922
618 918
612 916
612 910
618 905
617 900
620 894
615 896
615 887
607 903
608 897
600 897
597 899
595 906
601 904
587 904
590 909
590 897
594 890
601 888
608 887
612 890
601 881
595 883
597 877
595 875
604 873
606 876
611 865
609 868
616 869
604 865
601 860
599 867
590 869
594 861
590 862
587 862
581 865
589 875
581 854
576 855
580 848
583 844
589 848
590 854
595 851
596 856
600 845
604 841
614 844
605 849
625 830
620 836
615 830
607 831
601 832
597 838
593 835
604 813
605 816
606 807
607 800
599 798
601 790
604 784
601 784
597 786
596 781
591 784
591 789
593 798
595 803
597 808
600 806
589 801
588 806
592 810
584 800
588 796
584 791
590 778
582 781
585 784
577 781
576 775
577 768
584 762
590 763
585 771
592 770
596 773
590 757
588 753
578 757
595 792
565 768
569 773
566 762
577 869
574 861
490 927
490 921
481 923
479 915
484 912
484 904
475 924
477 932
472 918
471 911
467 916
464 921
462 923
466 927
468 923
471 928
468 931
471 934
468 934
476 939
323 966
587 840
594 841
597 814
893 846
901 850
903 855
908 857
930 835
1079 711
1514 666
1510 669
633 901
629 896