1494 578
1491 571
1485 575
1483 571
1480 565
1483 559
1487 565
1478 573
1479 581
1487 581
1483 586
1485 593
1490 587
1495 591
1492 597
1488 602
1481 598
1477 592
1477 599
1472 590
1461 591
1467 585
1457 584
1462 580
1468 575
1470 578
1461 574
1454 576
1449 577
1451 570
1456 568
1464 568
1472 569
1474 561
1460 563
1452 566
1446 559
1453 558
1466 555
1472 555
1466 549
1463 548
1459 549
1453 550
1445 551
1448 545
1444 542
1444 534
1448 529
1455 532
1460 528
1465 529
1465 522
1472 524
1464 538
1460 537
1458 544
1454 540
1458 554
1474 549
1397 608
1401 603
1396 600
1391 602
1384 599
1386 606
1379 603
1377 597
1367 598
1368 603
1370 611
1384 612
1391 615
1396 619
1390 626
1386 621
1380 625
1381 618
1374 615
1374 621
1374 628
1365 618
1366 628
1343 627
1350 634
1348 637
1345 632
1347 650
1344 646
1343 655
1336 660
1337 652
1330 647
1331 656
1323 655
1325 662
1321 667
1311 666
1303 660
1304 653
1317 653
1316 645
1322 642
1320 635
1308 633
1303 624
1303 618
1294 621
1295 614
1288 616
1282 613
1277 618
1273 616
1267 621
1269 629
1275 625
1284 621
1288 627
1296 631
1303 635
1296 640
1297 650
1296 655
1289 656
1288 661
1293 667
1295 661
1288 673
1291 678
1283 679
1278 673
1277 667
1284 665
1280 662
1275 658
1279 654
1284 655
1287 649
1290 643
1291 637
1283 634
1283 643
1275 635
1275 644
1269 644
1267 653
1260 645
1258 657
1262 661
1261 670
1258 678
1264 685
1267 679
1272 665
1272 681
1274 652
1278 631
1304 565
1305 561
1307 556
1297 560
1296 568
1289 568
1287 563
1291 555
1292 546
1283 555
1280 565
1287 551
1204 609
1198 602
1202 599
1198 598
1200 592
1195 589
1186 589
1184 582
1179 590
1173 587
1173 596
1168 601
1175 602
1169 610
1177 610
1184 607
1189 603
1186 614
1176 619
1199 614
1183 713
1177 707
1179 703
1174 701
1177 697
1184 698
1166 714
1168 706
1164 722
1158 714
1159 708
1157 700
1149 718
1153 724
1144 713
1144 720
1151 712
1147 707
1139 704
1145 696
1151 697
1142 688
1148 689
1135 689
1137 681
1131 685
1127 691
1133 698
1131 703
1126 700
1124 706
1129 709
1133 709
1131 717
1127 719
1120 714
1117 719
1119 726
1112 724
1103 722
1111 716
1106 729
1111 731
1138 720
1139 724
1133 723
1037 553
1035 557
1044 557
1046 564
1040 564
1033 563
1025 567
1026 556
1021 561
1018 566
1012 572
1023 576
1031 575
1016 579
1012 583
1018 588
1026 585
1034 584
1040 572
1045 578
1047 584
1045 590
1038 591
1031 594
1024 596
1015 593
1017 601
1014 605
1023 607
1031 602
1037 599
1045 601
1039 606
1033 611
1041 615
1045 612
1043 617
1032 629
1037 623
1023 628
1027 622
1014 625
1018 632
1018 620
1021 616
1015 612
1018 609
1048 754
1041 751
1060 747
1059 742
1039 755
1042 760
1037 764
1033 760
1037 771
1029 772
1024 768
1024 758
1017 774
1017 764
1011 768
1009 775
1007 781
1001 773
1000 765
1005 766
1000 760
1010 760
1017 758
1000 752
1009 748
1015 751
1008 754
1023 747
1023 741
1015 744
1013 738
1006 741
997 741
1003 735
1009 734
1010 731
1005 727
1008 719
1012 727
1018 720
1022 717
1019 730
1026 726
1027 732
1021 734
1004 831
999 839
996 834
991 838
985 831
986 828
994 844
1002 845
1009 842
1009 837
984 842
980 836
975 841
971 837
966 843
972 849
977 855
983 851
982 857
989 855
992 858
989 863
985 869
983 864
975 862
973 868
969 864
966 868
972 879
978 874
978 881
987 882
982 887
974 886
973 890
979 895
985 898
989 892
992 897
993 887
992 879
990 873
966 852
937 844
940 842
933 834
933 824
924 819
923 827
916 822
914 816
919 810
906 822
901 829
911 830
906 835
898 837
893 831
893 826
893 843
896 848
897 854
904 848
904 840
911 842
923 841
919 833
928 834
929 843
929 849
925 849
918 846
913 851
920 853
928 855
924 860
917 857
910 862
916 866
923 864
930 863
928 869
922 874
929 875
924 881
930 885
927 891
920 891
916 885
913 890
913 878
914 872
907 875
908 868
902 862
909 854
843 940
849 941
848 937
836 943
839 946
836 935
837 931
841 933
837 924
834 917
828 921
830 928
830 935
824 928
821 923
815 921
814 929
808 932
802 928
811 937
817 934
821 936
825 916
829 910
832 904
828 902
823 907
817 912
816 905
815 914
809 916
807 921
750 1002
752 996
747 992
751 988
757 992
760 998
762 1001
765 996
764 989
759 984
764 982
769 974
762 976
766 966
773 969
778 972
777 963
776 957
774 955
771 961
782 959
784 965
782 970
745 981
752 981
752 973
745 975
757 977
753 969
749 967
758 964
754 961
757 955
764 954
763 946
770 953
754 948
754 943
749 941
743 944
742 949
741 957
750 955
747 963
739 862
744 856
748 860
731 856
738 850
736 859
733 863
733 870
728 870
727 862
722 865
709 861
712 853
716 846
705 847
710 841
716 838
718 838
719 828
711 831
703 836
705 827
697 829
702 822
712 823
709 819
717 816
711 807
716 808
716 800
722 796
712 793
714 783
708 779
705 788
700 783
698 791
694 797
691 792
687 788
700 804
702 798
705 795
697 811
698 817
691 820
691 812
687 802
681 803
698 837
699 843
701 853
693 859
700 864
697 870
693 874
687 873
681 882
682 887
676 885
676 879
678 873
681 869
674 866
682 862
689 865
687 855
692 852
688 845
683 851
681 848
626 804
618 804
619 800
621 811
614 811
621 819
627 824
631 827
628 831
621 828
615 825
610 820
605 823
602 820
602 828
606 830
584 867
582 858
569 859
572 869
566 869
564 863
557 861
557 857
550 853
546 857
542 861
545 866
550 861
546 870
551 870
546 874
551 877
550 881
553 887
554 895
558 900
563 895
563 901
569 897
570 902
573 900
576 896
571 892
565 890
560 889
558 884
557 878
557 872
557 867
563 876
562 882
570 885
569 877
576 883
578 885
579 878
578 874
580 871
585 876
580 893
575 889
584 895
582 901
577 900
419 923
416 929
422 933
418 934
412 930
408 933
410 927
406 921
404 931