1526 622
1518 616
1524 615
1519 611
1522 629
1516 622
1512 629
1508 622
1510 615
1514 609
1507 608
1499 610
1492 612
1492 604
1500 602
1494 600
1499 598
1497 592
1493 594
1497 618
1498 622
1503 618
1506 613
1478 660
1480 657
1476 653
1470 656
1470 650
1474 646
1481 642
1483 649
1484 640
1481 633
1474 633
1474 640
1467 641
1474 626
1480 609
1478 604
1484 601
1480 596
1472 597
1481 589
1473 571
1470 566
1466 565
1458 564
1466 558
1464 557
1475 561
1475 554
1474 551
1472 548
1465 553
1459 551
1463 546
1480 548
1474 543
1469 542
1469 537
1466 535
1461 538
1453 542
1448 549
1439 544
1434 548
1439 553
1432 557
1445 557
1438 648
1430 648
1435 642
1441 643
1440 640
1442 637
1434 631
1431 637
1423 645
1422 639
1423 633
1414 636
1407 635
1419 625
1420 619
1427 623
1433 623
1435 614
1432 612
1424 618
1420 614
1416 611
1416 619
1409 623
1395 629
1387 623
1381 627
1375 663
1368 662
1368 655
1367 648
1373 646
1375 640
1369 634
1374 625
1370 616
1365 619
1360 624
1356 616
1359 611
1352 623
1350 614
1346 620
1347 628
1341 625
1351 633
1354 628
1357 637
1350 640
1343 636
1338 629
1343 643
1341 651
1346 657
1353 653
1358 651
1354 645
1347 648
1359 644
1362 630
1357 603
1346 607
1306 657
1301 661
1299 654
1294 660
1292 651
1289 654
1304 651
1298 649
1300 646
1303 643
1293 643
1290 636
1286 636
1289 629
1293 631
1297 621
1304 625
1299 628
1305 634
1264 672
1258 677
1253 673
1258 672
1256 665
1260 662
1266 667
1267 660
1265 654
1259 654
1252 658
1255 649
1258 647
1264 645
1270 647
1272 638
1266 638
1256 639
1255 635
1271 631
1266 631
1260 629
1264 626
1260 621
1269 621
1266 616
1265 609
1268 607
1256 612
1254 609
1253 627
1253 618
1187 696
1179 694
1181 702
1176 692
1176 687
1169 680
1177 675
1181 680
1185 684
1186 678
1186 672
1193 664
1194 656
1187 652
1179 661
1166 668
1166 663
1163 660
1153 665
1149 658
1179 643
1183 635
1173 638
1178 629
1183 628
1174 622
1182 618
1177 612
1181 606
1178 601
1171 608
1163 614
1170 618
1164 621
1144 654
1142 652
1139 651
1137 654
1141 659
1142 662
1140 666
1161 749
1166 753
1166 744
1164 736
1164 730
1166 723
1168 711
1159 706
1156 704
1150 712
1146 707
1141 703
1146 696
1135 713
1142 716
1136 720
1151 719
1147 726
1141 728
1159 730
1157 732
1154 737
1158 742
1150 743
1133 705
1136 701
1126 719
1121 710
1126 710
1130 717
1085 822
1091 815
1086 815
1079 818
1076 819
1071 814
1077 812
1085 809
1090 808
1090 804
1093 800
1082 802
1075 801
1070 793
1075 790
1078 785
1084 793
1090 786
1101 773
1096 777
1086 777
1087 771
1080 770
1084 763
1071 767
1079 754
1070 757
1071 748
1064 763
1063 759
1033 746
1041 748
1038 752
1030 751
1025 739
1023 743
1033 737
1027 731
1035 730
1039 729
1034 723
1041 721
1044 713
1031 717
1035 712
1023 713
1017 709
1017 715
1021 722
1018 736
1019 729
1014 732
1011 724
1004 726
997 721
1001 714
1006 717
1009 713
1041 740
965 728
966 724
964 718
965 711
965 703
960 708
959 702
953 704
951 716
955 728
956 722
948 728
952 736
957 747
960 744
968 740
968 745
969 750
964 753
952 760
947 753
946 715
947 722
946 705
943 699
932 718
929 711
989 845
997 844
1001 837
992 840
984 837
992 834
983 829
988 823
996 825
997 818
1000 826
1005 821
1004 815
1009 809
999 813
1000 807
1002 801
1007 795
1013 793
1002 789
993 791
988 795
989 802
993 808
986 809
982 802
982 796
975 806
975 813
982 815
989 816
981 821
901 726
896 727
896 732
890 734
890 727
892 725
888 717
896 721
884 724
884 730
879 726
879 719
883 712
888 709
893 712
883 704
876 705
874 713
865 712
866 702
868 695
874 695
884 695
879 690
870 688
859 695
861 704
861 710
855 709
849 703
855 698
851 692
858 687
865 689
866 680
856 677
862 671
856 665
848 680
845 692
847 672
864 668
769 854
775 849
779 852
784 847
789 850
780 843
776 840
773 840
767 847
764 847
763 841
768 837
774 833
781 837
781 834
786 832
789 835
791 829
780 827
781 818
772 825
769 829
763 833
773 819
767 815
775 811
786 813
785 806
781 802
771 803
768 810
669 771
662 767
664 763
658 763
659 770
660 775
660 779
664 773
665 776
667 779
656 786
654 793
634 804
633 811
628 807
626 814
440 826
438 829
447 830
448 829
454 818
445 819
435 835
441 835
427 836
426 842
439 815
438 823
445 816
445 813
442 809
433 827
430 829
413 829
408 827
410 835
414 819
409 822
409 815
410 810
410 809
403 810
399 814
404 820
401 822
403 830
402 837
406 838
407 845
399 844
395 843
398 850
403 848
397 838
399 831
395 834
394 827
433 794
437 790
436 786
429 788
424 792
424 799
421 796
417 798
419 802
419 805
427 801
429 805
436 804
440 800
441 805
436 806
467 795
468 788
460 789
463 786
457 810
460 814
457 799
447 801
463 818
467 820
463 830
459 831
453 834
458 838
460 834