1497 475
1496 469
1491 467
1491 474
1486 467
1481 470
1478 467
1470 471
1475 474
1467 476
1468 481
1475 479
1484 479
1490 480
1489 485
1479 486
1470 489
1465 494
1473 496
1480 494
1485 490
1487 496
1495 484
1483 504
1476 508
1466 502
1463 507
1468 511
1476 516
1482 511
1487 510
1494 512
1489 516
1481 521
1477 528
1471 525
1468 519
1462 515
1463 523
1458 523
1454 530
1461 535
1455 534
1466 530
1470 538
1464 544
1457 546
1477 539
1474 533
1464 550
1469 548
1473 547
1482 534
1486 528
1491 524
1490 503
1491 492
1457 686
1453 689
1450 685
1444 686
1443 692
1436 691
1431 695
1432 684
1425 687
1438 684
1442 678
1435 677
1430 677
1423 677
1426 669
1420 667
1433 669
1440 671
1443 668
1447 671
1453 672
1459 676
1455 682
1450 679
1463 666
1458 665
1460 658
1456 657
1453 664
1449 658
1444 662
1432 661
1425 663
1425 657
1430 652
1437 657
1440 650
1445 655
1452 652
1459 641
1453 643
1451 636
1448 630
1442 633
1435 631
1427 635
1428 638
1434 638
1441 639
1439 643
1432 644
1445 645
1420 663
1407 812
1409 805
1404 802
1399 813
1394 807
1398 801
1388 801
1393 799
1395 793
1403 795
1407 794
1407 785
1401 788
1397 784
1404 781
1407 778
1399 776
1404 773
1399 768
1408 763
1409 756
1415 755
1422 751
1414 760
1417 746
1410 748
1405 743
1399 746
1402 754
1394 750
1388 757
1381 762
1379 767
1380 773
1383 782
1386 774
1388 767
1395 763
1392 771
1395 773
1390 780
1386 786
1385 790
1391 789
1400 805
1408 770
1369 735
1372 726
1365 719
1359 724
1348 722
1348 730
1361 731
1354 727
1364 741
1371 743
1368 750
1361 749
1354 750
1356 740
1352 736
1343 739
1339 733
1334 735
1335 741
1339 747
1347 751
1350 745
1350 756
1362 756
1367 759
1370 755
1372 758
1368 764
1363 762
1356 761
1352 765
1345 764
1341 757
1336 760
1336 768
1337 775
1344 774
1347 770
1354 772
1360 766
1360 776
1365 772
1365 782
1361 785
1356 783
1350 780
1341 783
1348 787
1354 790
1361 789
1363 793
1355 796
1350 802
1359 805
1348 795
1343 791
1232 826
1227 830
1233 836
1230 842
1235 840
1239 845
1243 851
1241 859
1242 868
1237 865
1236 871
1238 878
1230 879
1226 875
1225 870
1231 865
1234 861
1236 854
1234 846
1228 848
1230 855
1223 854
1223 847
1219 842
1223 837
1223 863
1215 865
1217 859
1206 860
1210 856
1216 848
1161 938
1166 933
1168 941
1174 933
1172 925
1180 923
1180 914
1182 906
1181 897
1186 893
1193 897
1186 886
1181 883
1176 879
1171 876
1162 878
1155 873
1149 875
1152 881
1145 881
1145 888
1151 887
1149 896
1157 893
1160 899
1165 907
1158 908
1159 916
1158 922
1159 929
1165 923
1155 933
1175 918
1167 913
1175 908
1169 900
1174 894
1181 890
1166 893
1168 884
1174 884
1160 886
1143 754
1138 756
1133 761
1130 770
1126 760
1119 760
1121 753
1125 751
1131 749
1134 739
1140 745
1138 730
1140 735
1128 734
1132 723
1137 717
1142 711
1140 721
1134 709
1139 703
1139 691
1132 697
1124 701
1113 703
1109 698
1118 694
1119 708
1127 714
1117 724
1111 712
1106 719
1111 727
1103 727
1101 734
1109 735
1116 734
1123 730
1125 723
1118 715
1130 706
1112 742
1118 740
1124 742
1119 747
1115 749
1116 756
1113 755
1108 756
1106 748
1139 768
1141 772
1123 767
1124 772
1121 775
1119 781
1126 782
1125 789
1120 789
1112 782
1112 773
1098 767
1099 776
1094 782
1101 787
1098 794
1093 798
1085 796
1089 788
1086 779
1090 774
1091 763
1095 757
1085 768
1082 772
1076 778
1082 784
1078 792
1082 803
1078 807
1071 813
1081 815
1071 804
1074 797
1065 805
1065 798
1069 792
1066 790
1071 786
1076 768
1068 773
998 726
993 721
988 725
987 731
993 731
996 739
1005 737
1005 744
1000 747
996 752
993 758
985 760
991 761
988 753
990 747
988 739
981 740
981 729
976 733
971 736
972 741
973 747
982 749
978 756
970 757
967 762
962 753
965 746
966 741
975 765
986 765
940 795
940 790
935 786
938 781
933 792
929 797
923 798
920 790
922 786
914 788
908 789
907 784
902 781
894 787
889 790
888 784
890 796
894 794
900 790
903 798
908 796
914 795
917 803
911 802
903 806
897 800
894 806
890 809
898 812
906 812
912 808
923 806
917 814
922 810
920 818
911 816
904 818
898 818
893 814
888 818
894 818
892 823
897 823
901 823
899 829
900 839
906 834
912 836
917 835
914 830
908 825
912 821
916 823
923 825
924 835
921 831
920 841
910 842
906 843
905 839
893 838
891 828
887 824
822 847
824 843
816 845
815 840
818 838
820 843
812 837
813 832
808 833
806 832
804 828
802 823
801 836
807 842
807 848
800 841
826 849
827 843
665 886
658 886
665 878
664 876
659 873
651 867
653 883
649 881
644 881
646 887
649 889
651 890
655 891
632 883
628 890
632 893
634 901
639 907
642 900
637 895
619 907
625 902
603 810
599 806
592 802
586 808
594 809
590 816
597 816
601 816
594 822
593 827
586 822
580 814
484 960
489 957
484 955
480 950
481 947
487 951
490 948
493 950
496 949
494 946
499 946
505 942
513 942
497 940
488 942
492 935
497 934
493 931
470 874
464 878
464 881
459 879
454 881
455 877
459 874
454 870
445 875
442 868
438 876
435 869
439 862
432 866
427 861
417 858
420 863
424 867
425 872
431 873
428 869
440 883
434 882
425 879
419 874
414 870
409 865
414 877
412 883
407 874
408 879
418 882
418 887
429 886
424 889
421 892
436 888
441 894
431 895
427 897
421 899
416 896
418 892
413 893
411 890
406 893
406 891
408 888
406 898
431 901
435 898
438 902
444 899
440 907
433 906
429 909
425 909
425 904
420 907
417 902
413 904
408 903
409 906
408 909
405 911
405 916
412 915
410 921
405 920
413 920
417 918
419 915
415 912
412 909
421 912
422 918
428 917
430 922
433 927
430 932
426 926
420 922
417 924
421 930
422 932
425 935
428 940
435 938
436 932
440 929
439 923
435 918
438 916
440 919
434 914
455 948
455 940
461 941
449 938
451 944
447 944
445 940
445 935
436 941
380 953
383 948
384 944
385 940