1502 576
1491 571
1492 564
1484 564
1482 573
1476 573
1480 567
1503 561
1498 553
1408 595
1401 600
1391 604
1384 602
1386 596
1396 594
1399 586
1395 579
1386 574
1379 578
1385 589
1389 586
1376 593
1375 588
1381 584
1387 579
1388 610
1384 653
1377 647
1378 641
1370 646
1356 646
1361 644
1362 649
1355 637
1349 643
1344 659
1338 657
1333 660
1337 666
1330 653
1334 649
1337 644
1343 635
1334 636
1340 631
1338 619
1341 612
1349 618
1344 626
1350 633
1354 630
1347 611
1333 630
1334 626
1330 646
1333 642
1158 773
1155 772
1151 768
1150 778
1156 765
1151 761
1154 756
1147 754
1156 749
1154 745
1150 741
1157 738
1152 734
1150 730
1142 734
1140 731
1136 737
1131 740
1139 744
1140 750
1143 744
1142 757
1135 755
1132 751
1132 745
1139 761
1143 763
1145 770
1144 775
1143 780
1139 769
1136 763
1129 761
1131 756
1130 772
1124 766
1125 773
1117 767
1117 762
1116 753
1122 756
1129 766
1129 744
1118 777
1111 772
1112 764
1112 758
1118 736
1108 738
1110 735
1103 736
1106 731
1110 728
1115 732
1118 725
1121 730
1125 727
1114 719
1118 717
1128 713
1121 706
1127 699
1127 689
1123 685
1118 690
1122 695
1119 700
1114 692
1116 681
1110 689
1106 683
1107 678
1105 673
1107 697
1113 702
1111 708
1105 709
1109 714
1114 712
1105 721
1105 716
1120 721
905 682
900 681
903 689
908 687
915 682
913 687
912 685
919 692
912 694
906 693
903 699
912 701
917 699
922 697
919 702
924 700
926 704
918 707
911 707
922 713
931 712
935 719
927 724
925 718
920 720
914 722
914 714
906 718
908 726
915 731
921 729
927 731
918 737
925 738
920 743
913 740
908 736
904 731
901 740
906 742
913 746
918 751
919 754
912 758
912 752
907 748
901 747
899 753
901 759
905 760
905 753
934 731
937 739
944 734
945 729
945 745
939 745
939 725
821 792
821 782
812 789
826 792
804 790
797 796
792 790
797 785
785 798
782 802
782 812
785 807
786 818
789 815
784 810
795 813
794 805
800 804
787 783
785 790
783 785
780 779
775 780
775 773
780 771
772 768
778 768
774 764
770 762
773 759
778 762
778 757
783 762
786 755
789 760
797 758
803 758
809 761
806 765
812 764
802 773
794 771
799 764
793 766
789 770
783 766
785 775
791 777
798 777
798 789
791 797
779 792
781 789
706 835
706 841
700 842
695 840
696 834
699 837
703 832
703 830
695 829
683 832
686 840
689 844
687 851
690 850
691 855
696 849
698 853
703 849
694 861
690 859
682 858
682 849
682 843
683 865
689 863
658 836
661 830
666 832
664 823
659 820
654 824
657 825
653 832
651 828
649 832
649 836
647 827
649 821
652 817
659 814
664 819
663 812
663 805
658 809
656 805
663 800
663 802
652 808
649 805
649 813
647 811
645 801
652 800
659 795
667 793
663 790
660 783
656 788
655 784
652 792
643 794
639 796
637 787
647 786
649 781
654 781
644 779
642 782
641 802
644 805
535 865
533 866
537 869
541 864
540 859
537 855
533 858
530 861
525 856
525 851
532 853
533 848
531 844
526 843
520 839
520 846
518 851
527 848
540 847
536 843
538 837
541 841
529 839
533 834
527 834
524 838
522 836
524 831
529 828
534 826
538 828
542 832
544 830
539 823
534 818
533 804
522 822
518 823
515 795
519 795
512 789
516 785
510 783
511 778
515 779
519 780
520 778
519 774
517 770
514 771
528 779
531 773
527 772
529 768
506 787
505 779
506 771
463 859
458 862
456 856
448 857
444 860
440 855
439 850
444 849
447 845
450 844
444 840
446 839
443 837
442 832
440 838
445 835
450 835
460 835
460 840
453 844
455 841
451 841
451 850
452 851
445 853
458 850
449 829
443 827
437 828
433 827
430 838
422 846
421 842
419 839
416 834
414 829
416 826
418 830
421 832
385 862
1518 636