1388 684
1387 690
1387 695
1377 698
1379 691
1372 690
1376 684
1369 692
1399 692
1405 696
1397 701
1406 705
1413 704
1402 711
1407 721
1398 727
1394 720
1398 714
1389 710
1385 705
1380 714
1390 718
1379 718
1372 725
1369 733
1377 733
1371 718
1373 712
1375 704
1404 667
1394 670
1387 671
1392 677
1385 676
1382 665
1316 732
1311 730
1307 734
1300 739
1307 741
1298 733
1307 724
1298 727
1298 719
1302 714
1304 707
1308 702
1307 696
1302 693
1295 699
1295 710
1288 711
1290 716
1288 723
1284 729
1278 722
1283 720
1282 714
1277 712
1281 707
1286 701
1278 703
1281 699
1276 687
1274 681
1268 690
1261 688
1261 683
1267 681
1272 706
1272 699
1267 701
1265 706
1276 694
1270 713
1271 717
1268 722
1275 728
1268 735
1271 737
1274 741
1276 732
1262 738
1264 729
1258 729
1259 743
1254 748
1263 748
1258 754
1250 743
1253 736
1267 744
1210 714
1204 711
1209 706
1203 706
1201 698
1195 700
1205 697
1188 694
1183 710
1177 708
1196 710
1201 714
1209 720
1203 731
1183 722
1188 721
1179 717
1173 715
1167 723
1168 730
1176 728
1183 733
1187 729
1193 733
1204 740
1198 744
1189 744
1185 738
1182 744
1174 746
1172 740
1180 736
1165 737
1163 742
1161 753
1168 751
1166 758
1174 756
1182 754
1189 752
1192 759
1196 756
1200 764
1187 766
1193 775
1203 771
1204 756
1205 762
1205 749
1102 780
1102 776
1091 771
1096 770
1094 785
1103 791
1095 793
1102 800
1097 806
1089 799
1083 803
1079 808
1082 796
1074 807
1074 802
1074 792
1078 781
1087 786
1079 772
1068 773
1062 770
1059 776
1057 781
1063 780
1071 786
1064 795
1061 789
1052 788
1056 794
1060 800
1063 804
1056 806
1056 813
1051 808
1047 802
1044 798
1037 800
1039 806
1053 766
1053 759
1067 747
1036 811
1038 817
1037 823
1044 822
1043 813
1049 818
1039 827
1036 834
1030 829
1030 824
1022 823
1019 830
1014 839
1014 845
1021 847
1022 839
1025 846
1028 843
1029 851
1022 854
1034 851
1034 847
1033 840
1041 842
1039 841
1039 845
1041 849
1043 852
1046 849
1048 851
1051 850
1042 846
1047 842
1040 837
978 883
979 872
979 863
975 871
969 874
968 869
971 879
972 885
978 890
976 895
968 892
965 885
959 881
955 884
959 889
958 896
954 899
953 893
946 888
942 893
947 896
944 901
950 903
951 881
964 878
962 874
918 783
909 776
902 784
913 784
913 792
921 789
926 791
921 799
912 800
905 796
899 792
907 789
894 798
897 803
903 801
903 806
910 806
915 812
917 807
910 815
904 813
898 809
894 805
891 809
893 813
890 816
898 817
905 822
895 822
875 808
872 804
867 808
876 799
863 803
867 800
872 795
875 791
878 785
874 779
871 784
865 790
860 795
857 788
862 784
863 780
868 775
875 773
871 768
869 764
881 766
878 762
879 756
872 750
866 748
856 748
848 745
850 753
847 757
842 752
851 764
856 757
860 762
863 756
866 757
857 768
861 772
863 767
855 773
855 780
851 778
838 806
842 800
846 797
841 791
832 798
829 806
833 811
828 813
823 810
825 802
793 817
801 819
792 826
800 826
805 825
800 832
796 836
791 840
801 837
794 845
788 848
782 842
779 848
777 843
771 841
772 835
774 833
764 835
764 841
766 845
780 834
776 829
771 819
763 808
768 804
764 798
760 795
758 801
754 796
755 791
749 789
749 795
751 803
753 809
757 813
753 814
749 810
746 802
756 824
760 830
754 831
750 836
756 841
754 846
759 850
746 843
744 826
743 820
750 820
728 819
725 814
722 811
719 809
714 805
710 801
706 802
699 804
702 807
699 811
703 813
706 814
710 808
717 813
721 819
721 824
725 826
729 831
723 834
728 838
732 842
733 845
726 844
721 846
717 840
711 843
712 837
705 841
699 839
704 835
710 831
715 827
707 823
713 820
703 827
703 818
699 823
708 851
707 855
704 859
714 853
712 847
704 845
662 862
661 855
660 852
655 850
656 857
655 865
651 858
648 865
650 863
645 859
641 857
644 853
648 855
650 852
627 867
624 865
621 868
616 863
610 864
612 867
606 869
603 866
598 863
604 861
605 863
600 859
606 859
610 858
615 858
618 856
621 859
625 861
629 862
631 858
626 854
626 849
619 850
615 848
610 853
613 854
621 842
617 843
615 842
619 837
631 857
612 848
613 842
615 837
630 795
625 788
630 788
632 781
625 778
620 773
617 777
610 779
610 785
613 793
607 794
604 795
618 787
619 792
620 784
616 783
627 800
619 799
612 800
553 744
549 739
540 735
536 730
531 733
525 735
521 739
525 741
528 738
533 741
541 741
548 746
550 751
543 750
540 749
535 747
530 748
524 748
524 754
532 754
535 755
537 752
539 754
545 755
543 759
550 758
553 760
547 764
543 767
536 764
531 761
526 763
528 768
531 767
525 771
528 776
533 774
538 771
552 769
547 770
545 772
541 777
534 779
531 784
536 785
543 783
546 778
549 781
543 786
538 789
545 849
540 844
536 848
535 852
540 853
544 860
540 861
547 863
542 866
539 865
534 863
535 858
531 858
528 863
530 867
534 869
529 871
530 876
530 882
530 886
534 893
535 888
537 884
536 879
536 874
540 872
544 870
544 876
541 877
542 882
543 888
540 893
548 889
552 892
558 891
559 885
565 883
548 934
542 930
546 928
537 930
539 920
537 919
542 917
538 936
542 940
536 939
534 932
529 939
526 935
526 931
530 933
518 931
519 934
519 941
522 946
525 943
520 949
525 950
529 946
524 956
528 955
528 960
524 965
520 968
516 962
525 972
530 970
529 963
490 924
486 918
480 916
484 914
481 910
474 912
473 918
466 918
463 914
461 920
470 922
467 927
472 927
477 922
483 922
479 928
486 929
482 933
477 939
474 934
468 933
468 938
465 941
469 945
474 944
479 947
480 953
475 958
469 957
468 953
468 949
474 950
451 978
447 983
446 979
444 977
444 969
450 971
448 964
441 963
440 970
438 977
440 981
433 971
439 967
429 969
427 976
422 972
431 981
407 997
401 913