1322 715
1324 722
1328 720
1317 723
1310 729
1321 731
1332 730
1328 736
1337 737
1332 742
1327 750
1325 744
1320 749
1322 754
1319 738
1312 746
1304 740
1306 753
1310 756
1314 761
1321 761
1329 761
1330 756
1325 768
1310 767
1302 761
1294 760
1302 770
1297 774
1285 765
1288 757
1284 758
1284 779
1291 782
1286 784
1277 778
1279 770
1191 746
1198 744
1194 739
1184 748
1181 742
1188 740
1227 758
1222 755
1228 751
1220 761
1171 765
1164 765
1157 767
1157 775
1168 778
1143 800
1138 796
1144 792
1142 786
1138 791
1135 784
1131 790
1123 781
1129 775
1122 772
1132 768
1136 762
1143 758
1142 750
1141 743
1135 740
1127 742
1120 745
1124 755
1127 759
1132 748
1135 756
1120 764
1116 771
1110 775
1116 755
1061 763
1064 756
1055 757
1057 752
1062 751
1052 764
1052 839
1047 842
1050 848
1040 839
1046 835
1001 832
1001 824
1009 822
1002 818
1004 811
1000 813
994 824
993 817
992 796
998 792
991 789
964 848
959 849
953 855
949 851
953 844
955 838
948 838
945 845
936 845
930 841
934 837
940 837
944 833
944 825
950 825
952 820
947 820
941 829
935 831
937 825
932 826
934 820
939 821
920 842
927 847
924 836
928 833
919 858
913 854
915 837
910 829
915 827
921 826
910 891
911 885
915 888
901 891
905 883
903 877
896 879
895 888
910 879
909 871
913 876
878 872
884 873
870 869
879 864
885 860
872 857
870 863
866 852
876 850
873 843
885 846
883 840
892 837
892 848
898 847
886 855
887 834
891 871
813 906
804 910
805 902
800 904
799 909
799 894
804 895
809 892
813 898
799 890
806 889
786 896
788 890
772 899
777 892
782 885
786 878
782 893
764 901
758 897
763 892
769 893
767 885
772 880
780 879
776 874
778 871
774 869
775 864
767 863
768 872
762 866
760 872
758 876
759 881
753 879
754 867
749 864
756 860
762 859
779 856
776 849
785 848
758 842
763 836
764 841
757 887
792 889
793 897
811 902
788 861
773 856
771 849
772 844
753 836
751 841
764 828
760 822
761 816
755 819
755 826
753 829
747 827
709 930
711 934
717 933
714 938
719 927
714 924
707 920
708 917
713 914
720 911
712 909
710 900
706 903
705 910
698 909
700 917
700 922
703 928
705 933
689 904
684 907
679 907
684 896
678 897
674 896
598 922
590 921
593 917
597 915
594 913
586 915
587 910
592 899
588 896
584 900
581 894
586 905
574 904
569 909
573 912
565 916
569 924
572 929
571 937
568 939
567 932
577 939
575 932
577 927
576 921
578 919
581 923
583 928
580 900
560 881
562 874
557 868
560 866
557 876
508 896
507 903
504 897
511 891
512 888
510 883
507 888
505 891
498 891
495 887
504 883
508 879
500 880
493 880
497 875
494 869
499 865
504 870
501 875
492 863
494 861
491 856
498 855
498 847
493 852
489 853
496 841
491 839
486 842
477 882
470 880
463 884
471 889
476 886
476 893
479 896
476 902
482 906
468 906
472 898
466 897
463 903
460 906
459 911
463 911
469 913
464 915
462 919
469 918
475 908
430 874
430 868
432 863
425 854
427 846
430 843
434 848
347 934
339 933
345 931
348 929
346 925
340 924
338 927
348 920
343 917
339 919
344 894
347 891
340 888
344 882
340 878
337 883
337 885
332 884
333 881
241 865
241 869
238 867
239 862
237 858
237 862
222 888
222 892
220 894
215 891
218 888
215 886
217 885
215 882
216 880
221 881
200 922
201 926
198 928
197 923
193 924
196 918
200 915
205 913
201 910
204 908
207 905
186 918
189 915
184 914
188 910
183 910
187 905
185 907
182 904
745 839
745 832
767 821
768 816
769 833
771 831
770 841
793 854
791 850
782 843
783 863
757 833
750 823