1497 673
1499 679
1500 685
1492 683
1491 675
1495 666
1486 669
1487 662
1480 664
1478 668
1476 678
1483 687
1489 692
1496 689
1497 694
1489 701
1480 695
1473 701
1481 707
1467 697
1466 688
1474 691
1472 684
1470 671
1470 663
1463 668
1465 665
1466 673
1464 674
1459 665
1451 666
1451 672
1459 672
1448 680
1448 684
1456 682
1464 680
1459 677
1468 677
1468 679
1461 687
1459 688
1459 693
1454 690
1486 787
1477 791
1476 783
1472 778
1468 774
1470 768
1469 756
1466 752
1464 760
1459 756
1454 750
1444 754
1453 763
1452 770
1461 773
1456 775
1447 776
1444 778
1442 770
1440 765
1438 757
1432 761
1427 755
1434 754
1428 768
1425 766
1423 771
1417 770
1421 779
1429 779
1426 784
1435 774
1438 780
1446 783
1447 789
1442 795
1438 790
1433 795
1428 796
1431 805
1425 802
1441 806
1433 812
1441 812
1438 801
1446 798
1427 788
1452 779
1451 784
1406 674
1404 666
1401 669
1396 664
1397 658
1386 667
1393 672
1386 676
1393 681
1399 677
1402 685
1396 685
1397 691
1401 693
1396 722
1391 715
1388 721
1392 727
1397 731
1386 730
1386 734
1377 727
1384 725
1381 720
1381 715
1386 709
1382 705
1378 710
1373 705
1379 703
1381 697
1372 697
1368 689
1374 683
1366 678
1373 675
1380 668
1371 666
1373 658
1362 657
1358 656
1355 661
1355 670
1360 665
1364 671
1358 676
1328 697
1329 689
1323 685
1323 695
1322 702
1313 701
1311 695
1305 698
1313 688
1304 689
1308 681
1318 679
1316 672
1309 673
1314 662
1308 662
1303 661
1299 668
1296 672
1294 680
1302 681
1302 674
1288 677
1284 670
1293 665
1296 661
1286 659
1293 652
1296 656
1299 645
1292 643
1288 635
1285 637
1283 628
1280 638
1281 648
1280 654
1285 654
1286 649
1307 911
1305 916
1294 911
1298 907
1303 901
1294 899
1299 893
1310 895
1312 902
1317 901
1316 892
1314 883
1308 887
1300 885
1303 879
1294 883
1294 876
1300 872
1308 872
1305 865
1307 858
1296 859
1296 865
1288 864
1293 855
1298 850
1290 850
1303 847
1177 844
1172 849
1166 850
1162 844
1168 841
1163 838
1168 832
1176 834
1183 838
1184 842
1180 848
1181 827
1175 826
1167 823
1161 827
1157 830
1162 818
1164 809
1170 811
1173 816
1181 820
1181 810
1173 805
1165 801
1168 793
1157 808
1155 812
1159 799
1069 772
1065 766
1069 761
1062 757
1058 761
1051 763
1055 755
1058 767
1056 772
1061 774
1057 780
1053 787
1063 779
1062 785
1059 794
1055 790
1051 794
1047 790
1048 798
1052 803
1056 799
1056 810
1059 805
1062 810
1064 813
1059 815
1046 772
1044 762
1039 774
1043 769
1051 769
1013 812
1006 817
998 821
1001 815
996 826
1002 826
1004 822
993 834
1000 837
868 871
861 874
860 867
866 866
855 870
853 864
854 857
850 857
847 862
845 866
845 858
848 854
845 849
840 853
844 843
778 850
772 851
768 855
766 861
771 861
769 864
772 868
776 863
780 861
772 843
782 841
772 833
777 830
772 827
768 838
765 841
764 825
758 830
758 825
759 816
762 803
771 805
773 812
751 836
750 831
754 832
748 828
742 830
744 833
747 838
743 844
751 841
752 846
747 848
752 854
755 852
761 849
763 845
761 839
756 840
760 857
749 862
744 864
747 868
738 864
735 868
732 863
734 859
740 859
739 857
742 852
736 852
738 846
732 848
729 855
725 861
727 866
718 863
713 865
716 868
708 867
705 862
709 859
703 852
698 859
694 866
695 871
692 877
690 873
683 878
682 871
684 865
689 862
684 858
680 861
676 858
676 852
681 852
686 854
690 854
696 851
699 843
703 842
709 848
715 846
720 843
717 837
713 836
713 830
718 826
726 823
725 820
720 818
717 821
711 823
711 818
721 812
725 809
724 802
716 807
715 802
710 806
713 812
707 813
702 807
702 816
695 816
690 817
704 823
706 828
693 831
691 825
686 823
688 832
679 831
678 836
682 837
692 838
686 846
679 844
688 843
677 848
698 837
620 831
610 829
615 836
608 839
608 848
613 854
615 842
634 855
628 870
629 878
622 880
621 885
619 892
613 892
607 888
607 884
609 884
614 880
609 880
610 874
616 873
618 862
613 861
613 867
606 867
602 869
600 863
605 857
598 869
592 870
593 875
586 875
585 880
583 885
586 886
590 880
598 876
606 876
599 884
592 884
595 890
601 890
595 884
589 892
583 893
590 923
591 918
586 917
587 912
590 909
585 907
582 911
582 918
584 923
577 919
578 915
571 918
573 915
575 907
578 903
576 895
572 892
571 897
575 899
571 905
567 901
563 904
567 907
568 911
565 914
554 941
549 944
546 939
541 941
537 941
534 937
539 932
543 929
538 925
543 925
548 925
549 921
549 917
549 931
543 933
542 936
539 938
549 934
553 933
554 936
552 938
554 922
554 918
523 858
523 852
521 847
513 846
515 852
507 854
506 848
507 842
502 846
499 851
501 857
513 860
509 866
506 860
499 861
498 865
503 867
508 871
512 874
514 868
505 876
503 872
498 876
498 871
494 875
491 878
491 872
488 872
489 866
493 866
493 862
494 858
490 859
490 853
485 874
480 873
481 869
484 865
483 860
482 853
477 858
478 863
476 868
472 862
474 860
470 858
472 855
475 851
479 849
477 846
478 838
473 841
472 846
469 851
465 848
466 855
464 844
465 842
463 840
468 837
472 837
476 832
474 830
476 824
469 820
471 817
466 829
462 834
458 829
463 823
456 818
461 816
462 813
465 815
454 857
452 853
455 848
450 845
445 849
442 844
444 840
439 840
437 830
434 826
422 834
425 835
424 843
424 846
427 847
432 850
441 855
435 859
444 870
449 866
448 858
442 866
440 875
443 881
437 882
436 877
432 882
424 877
428 875
426 870
429 868
431 870
433 864
430 858
420 868
419 865
415 866
417 861
422 859
418 854
423 854
424 850
411 856
412 861
409 851
412 848
414 852
391 866
402 849