1498 571
1494 568
1489 567
1488 575
1485 569
1483 564
1486 557
1493 563
1499 555
1491 554
1508 543
1511 548
1515 538
1488 548
1482 551
1483 545
1482 541
1481 535
1475 547
1475 553
1477 557
1468 558
1472 561
1475 570
1479 575
1493 507
1504 514
1500 505
1488 514
1483 489
1483 484
1492 482
1443 595
1443 600
1447 593
1454 589
1460 596
1463 590
1467 604
1455 601
1443 575
1436 582
1433 578
1435 575
1435 589
1427 588
1424 583
1420 579
1421 608
1408 608
1414 613
1405 619
1403 629
1415 619
1408 650
1412 656
1414 659
1413 647
1411 643
1418 639
1423 640
1426 635
1429 629
1435 634
1413 652
1415 655
1001 652
1005 654
1005 645
1007 638
1000 638
991 633
985 631
997 632
987 638
991 641
989 650
993 646
995 647
997 643
994 653
993 659
999 657
981 646
981 643
980 637
974 638
969 629
961 641
967 641
969 646
974 646
976 652
968 653
956 648
965 646
962 633
924 660
916 657
917 653
920 647
906 650
913 644
907 637
845 635
855 633
851 628
844 623
832 627
833 638
841 642
843 644
836 647
833 652
830 646
825 641
827 637
819 636
824 628
816 645
432 923
441 923
447 919
446 929
443 929
437 932
437 927
432 929
429 920
435 936
441 936
445 935
446 938
445 942
439 940
439 944
436 948
979 628