1287 683
1291 685
1293 680
1294 674
1287 676
1287 669
1281 670
1282 675
1279 682
1275 675
1268 678
1268 669
1274 666
1273 658
1281 661
1282 657
1283 651
1286 654
1288 661
1294 647
1298 655
1299 651
1302 667
1304 673
1302 680
1192 679
1195 669
1194 687
1201 686
1205 691
1206 694
1201 694
1197 692
1182 693
1185 689
1188 686
1178 698
1172 703
1165 699
1169 693
1177 688
1171 684
1180 684
1178 679
1186 680
1185 676
1182 672
1188 671
1184 667
1187 664
1187 659
1177 657
1178 665
1173 662
1171 667
1175 670
1171 673
1170 679
1166 675
1165 684
1162 690
1158 695
1156 689
1157 684
1153 679
1158 676
1152 667
1160 669
1165 667
1167 661
1169 654
1170 650
1162 648
1161 654
1156 661
1155 652
1150 651
1157 643
1142 661
1140 632
1133 641
1127 642
1128 624
1125 622
1121 630
1108 648
1103 645
1107 637
1111 641
1096 639
1093 649
1099 653
1095 655
1096 662
1091 664
1086 667
1081 663
1081 655
1088 658
1077 647
1073 655
1075 662
1078 668
1086 647
1087 640
1079 641
1075 643
1071 631
1079 635
1078 629
1087 631
1086 625
1089 618
1098 626
1092 622
1095 619
1078 622
1071 624
1065 623
1072 616
1070 609
1076 610
1073 604
1080 603
1085 608
1081 615
1080 609
1091 602
1092 607
1085 603
1081 593
1075 596
1066 610
1005 672
998 669
989 668
992 664
989 675
994 678
999 675
1000 679
1004 678
1002 685
995 686
990 686
987 694
992 700
996 695
985 706
994 708
993 716
997 721
998 726
993 727
994 730
984 726
988 723
981 713
985 718
980 719
974 679
971 683
976 682
973 691
969 693
964 694
962 691
969 701
968 708
961 711
955 711
965 713
962 719
962 704
956 698
955 686
956 679
951 675
948 683
944 677
945 668
938 680
942 684
944 692
942 701
935 700
933 690
932 693
937 691
948 700
954 705
942 710
948 717
942 716
940 721
934 722
936 714
940 729
946 734
937 735
944 743
948 741
944 750
949 752
949 759
939 754
936 767
932 760
939 764
928 766
928 772
935 771
933 777
939 774
929 785
931 787
928 791
932 795
923 780
921 787
917 786
911 774
921 770
925 760
916 761
915 766
909 762
901 763
902 751
911 754
910 748
917 749
917 753
924 751
927 746
928 740
927 734
931 732
928 725
928 719
925 713
929 712
932 705
925 705
929 700
924 692
922 698
914 700
917 709
914 717
908 707
905 712
908 720
912 741
917 725
922 727
921 721
918 743
918 735
911 729
907 733
902 736
894 735
899 721
896 714
889 717
887 709
890 706
892 710
894 702
893 697
887 702
886 691
882 695
881 703
878 693
878 687
876 680
886 661
887 654
884 653
887 645
883 645
879 641
876 643
879 648
867 648
863 651
866 658
870 662
872 654
875 659
877 655
879 710
873 715
874 705
866 710
862 715
859 711
855 717
858 721
854 725
865 728
873 731
879 733
881 724
885 745
890 751
887 757
885 755
878 755
872 749
867 742
863 735
857 732
853 737
857 743
859 740
863 745
860 750
864 753
873 761
878 767
880 764
867 769
868 765
862 767
861 762
856 755
855 763
857 773
868 778
873 777
863 791
857 782
846 771
844 761
834 759
829 774
820 774
820 762
826 763
826 755
812 765
813 759
807 763
800 763
806 776
819 783
812 781
801 784
803 788
797 793
803 793
792 798
794 785
791 774
793 768
793 762
787 752
791 753
795 750
803 753
776 752
771 754
774 760
781 766
786 760
779 784
781 793
786 790
747 703
741 694
739 688
747 690
728 696
728 705
730 708
724 714
720 712
718 718
720 723
726 728
729 723
735 717
741 723
746 711
736 711
752 696
750 816
750 821
748 814
753 811
750 810
750 805
746 809
740 809
742 802
745 798
740 801
738 797
742 791
740 789
743 785
737 785
736 780
729 788
734 791
732 797
725 795
729 800
736 804
722 825
721 817
717 825
722 833
723 837
719 839
723 842
726 848
720 847
712 842
716 844
708 838
704 838
698 839
700 843
698 851
705 852
712 850
714 856
707 858
702 858
697 854
697 861
702 866
707 864
712 863
717 858
720 854
721 864
726 860
727 866
723 870
717 868
711 869
712 873
706 872
710 878
715 880
719 874
728 874
730 878
733 883
736 889
731 890
726 896
732 899
726 902
720 897
719 891
725 891
719 884
727 885
724 879
696 897
700 894
696 889
702 888
700 881
695 883
692 878
694 873
691 863
690 855
685 858
684 850
677 848
672 845
679 856
682 870
687 870
683 878
686 883
688 890
692 889
686 899
690 896
681 910
682 903
675 903
674 907
668 910
669 900
674 895
679 889
677 882
671 888
667 882
674 879
675 873
672 864
675 868
678 862
669 856
666 851
660 855
664 860
666 876
670 876
669 870
664 870
661 865
655 863
657 871
656 867
651 870
651 881
658 878
660 873
652 818
649 815
649 821
639 827
640 821
633 824
633 818
633 813
636 809
651 806
647 800
653 797
659 801
663 798
663 794
654 792
647 793
644 789
644 785
649 786
647 782
649 778
650 775
657 768
664 771
669 775
667 784
664 779
660 783
662 786
656 785
659 777
624 782
617 781
619 775
615 772
612 778
611 772
614 767
616 763
618 755
624 753
618 747
623 744
625 739
611 746
609 736
615 730
619 736
616 724
619 721
611 723
614 712
624 718
635 721
623 727
618 741
619 797
616 796
611 803
609 799
572 859
576 856
573 850
579 850
576 841
579 836
579 831
575 829
571 826
566 828
563 822
562 818
562 831
565 836
571 836
566 844
564 849
569 853
573 846
565 860
567 868
575 865
576 871
560 858
563 853
557 851
560 849
560 841
557 838
555 844
558 832
552 854
555 858
552 861
550 857
584 775
581 770
516 866
520 863
517 873
509 872
508 866
504 871
502 876
502 881
507 878
508 881
504 886
511 888
514 883
514 876
510 858
508 853
507 848
495 849
492 841
498 843
485 837
490 837
478 833
476 838
472 836
470 830
465 838
465 834
462 836
463 841
466 847
467 844
470 845
475 846
474 850
471 856
486 846
485 852
489 852
489 857
481 858
484 857
476 857
473 861
473 864
477 865
475 870
480 869
478 874
481 873
483 875
478 876
475 876
476 881
474 884
498 897
504 896
502 893
500 889
497 891
493 893
494 896
496 902
499 904
501 907
488 886
491 882
495 885
496 877
494 872
490 876
485 868
490 865
488 861
495 864
496 858
500 870
485 889
483 893
480 891
480 885
483 880
476 888
475 895
472 888
472 897
470 894
482 863
467 858
464 853
460 847
458 842
457 839
468 821
471 815
472 809
477 813
478 810
465 808
467 803
464 817
459 818
456 814
456 810
459 807
461 812
463 805
463 800
464 797
460 794
456 798
458 802
452 807
452 809
448 806
445 802
451 800
444 797
446 796
449 793
445 789
449 786
452 788
457 787
455 792
461 791
454 782
449 779
445 783
443 784
442 791
443 778
445 775
445 772
463 827
455 827
456 823
449 823
450 818
448 816
443 818
443 811
439 807
436 804