1400 624
1408 633
1411 629
1403 624
1399 633
1384 631
1390 630
1381 639
1377 635
1371 637
1375 642
1372 647
1364 653
1359 652
1359 646
1367 643
1363 637
1355 639
1364 629
1371 629
1374 624
1378 627
1382 625
1388 624
1391 622
1389 617
1384 616
1378 619
1378 608
1385 610
1385 605
1392 608
1391 600
1397 604
1396 596
1392 589
1388 598
1381 592
1385 583
1378 588
1373 592
1369 587
1375 584
1367 581
1380 578
1377 575
1358 582
1364 575
1360 570
1356 564
1351 570
1355 576
1349 576
1346 568
1345 574
1347 586
1352 586
1354 590
1360 588
1359 592
1356 597
1353 598
1346 595
1352 603
1361 604
1364 608
1368 601
1370 604
1377 600
1369 616
1367 620
1361 622
1355 618
1356 626
1352 621
1353 610
1299 689
1301 677
1298 677
1285 666
1291 659
1283 655
1278 659
1278 665
1277 651
1272 652
1265 654
1265 661
1259 662
1264 667
1271 669
1266 674
1272 663
1276 672
1283 678
1278 686
1283 693
1285 683
1271 680
1270 686
1264 681
1274 693
1273 695
1278 698
1275 704
1270 711
1266 709
1262 707
1265 698
1259 698
1261 693
1264 686
1257 688
1253 691
1256 683
1258 677
1251 677
1255 671
1259 669
1253 666
1249 661
1254 659
1252 654
1259 650
1248 658
1242 657
1237 660
1245 667
1238 669
1238 682
1234 676
1240 674
1233 667
1233 685
1237 690
1243 691
1244 698
1242 703
1235 699
1239 708
1237 719
1241 717
1248 713
1248 724
1254 716
1250 703
1253 697
1266 693
1282 686
1290 671
1163 774
1153 774
1156 770
1163 766
1158 767
1155 764
1159 760
1152 762
1158 756
1149 754
1155 748
1150 740
1139 740
1147 738
1135 752
1142 748
1144 761
1135 765
1137 761
1130 755
1127 760
1123 755
1116 759
1122 764
1125 765
1131 769
1125 771
1137 776
1131 776
1143 776
1137 782
1125 781
1128 791
1123 795
1122 803
1125 798
1113 801
1112 795
1115 794
1116 786
1110 785
1109 780
1118 777
1121 776
1111 774
1118 772
1113 766
1115 763
1104 768
1106 763
1093 761
1100 755
1088 757
1080 751
1083 746
1090 748
1090 741
1097 744
1096 735
1086 735
1081 740
1075 737
1080 728
1088 727
1096 724
1101 727
1100 718
1096 714
1089 720
1082 722
1075 724
1073 716
1083 714
1090 710
1094 706
1090 701
1081 705
1085 698
1078 694
1081 692
1073 694
1068 697
1074 703
1068 705
1070 710
1077 711
1074 708
1059 650
1048 652
1054 657
1051 641
1045 635
1039 637
1043 642
1044 647
1061 642
1061 638
886 804
883 799
889 800
879 806
884 810
877 814
870 807
866 805
866 797
873 799
877 796
871 793
876 790
866 792
862 791
857 795
865 785
868 785
857 787
875 774
877 770
868 767
861 776
856 770
856 765
858 753
852 734
855 729
857 722
856 713
862 713
858 705
852 706
843 713
842 721
842 729
842 736
842 742
839 742
833 736
834 725
830 719
823 733
827 728
819 729
827 725
820 724
814 733
817 736
784 801
779 804
784 795
775 796
780 792
773 791
767 790
760 794
764 793
759 789
753 789
755 785
764 799
768 798
760 801
756 800
758 806
767 805
771 803
772 810
775 804
778 814
780 817
783 821
777 825
777 831
771 828
771 823
764 828
765 823
759 823
763 815
770 812
750 805
746 801
734 807
737 804
726 808
726 800
721 804
716 806
720 797
719 793
716 787
723 792
724 794
721 811
725 815
724 820
719 823
718 815
715 819
711 815
714 812
707 818
705 812
697 811
695 804
703 806
705 804
707 798
707 790
694 794
690 798
698 800
700 798
700 788
691 787
698 778
698 773
695 768
690 773
689 770
686 772
676 774
674 768
669 776
666 772
673 761
687 780
688 791
684 815
678 812
683 802
683 825
688 826
688 820
631 842
625 846
621 839
620 830
617 836
610 836
611 840
607 837
608 833
602 827
604 822
601 816
597 825
595 821
608 812
609 820
615 818
615 824
612 829
621 826
620 817
618 811
617 807
598 874
594 876
587 873
592 870
592 865
597 863
593 859
597 856
601 860
605 860
596 850
600 850
593 841
586 846
584 850
589 856
587 865
581 866
577 864
573 860
577 856
583 859
577 850
571 853
570 849
576 845
580 838
583 833
580 828
553 928
553 923
548 923
550 918
553 916
544 918
542 922
546 911
539 912
545 910
545 906
550 909
549 904
554 903
546 900
544 898
547 894
549 897
548 892
540 904
534 905
535 902
529 906
529 902
526 899
533 895
536 892
529 891
535 886
523 889
527 883
532 880
541 884
541 886
548 886
544 891
544 880
542 874
547 874
522 926
517 923
522 919
521 914
524 906
519 901
520 896
499 934
502 928
496 926
491 922
490 918
491 912
486 911
490 908
494 907
493 903
495 900
484 905
489 902
487 897
491 895
489 892
502 866
501 859
498 861
493 858
498 855
502 856
506 858
509 862
506 864
511 856
513 858
512 850
510 853
503 849
500 850
507 844
503 840
500 844
500 838
496 841
493 836
497 833
488 836
488 841
492 842
494 847
492 849
490 846
488 845
486 853
488 855
490 853
481 835
483 831
486 827
481 823
475 821
475 826
478 829
475 832
472 827
469 823
467 818
463 822
461 820
461 816
466 827
467 833
469 835
470 839
474 838
475 842
465 837
463 831
461 826
475 847
473 850
481 856
481 858
479 859
486 867
483 867
491 871
446 835
446 841
451 838
440 843
440 838
436 846
435 838
433 833
439 833
435 828
440 828
436 823
430 828
430 823
430 816
433 811
438 815
438 808
434 807
427 804
426 812
421 806
419 809
419 816
419 822
415 824
412 814
416 803
411 803
413 796
410 799
419 795
422 800
423 794
424 817
424 821
428 835
426 838
421 828