1607 622
1611 619
1609 612
1618 618
1615 626
1617 632
1610 640
1602 636
1601 628
1604 647
1609 648
1616 653
1612 660
1605 663
1598 667
1604 654
1596 653
1590 652
1585 654
1589 661
1584 661
1580 665
1580 674
1558 666
1559 660
1560 671
1481 656
1476 658
1471 652
1477 650
1484 649
1488 655
1493 648
1488 644
1483 640
1478 637
1474 638
1474 643
1465 641
1467 649
1470 687
1461 684
1467 683
1461 675
1467 674
1473 673
1441 695
1437 700
1426 699
1431 693
1422 692
1419 685
1428 683
1436 685
1439 679
1443 683
1449 676
1453 671
1443 672
1449 669
1445 666
1449 661
1443 659
1441 651
1435 652
1436 660
1431 666
1437 668
1432 673
1428 675
1421 676
1416 677
1419 667
1423 669
1420 659
1414 661
1428 658
1426 663
1369 755
1364 759
1356 761
1362 766
1360 754
1365 749
1356 748
1349 750
1359 740
1356 735
1350 739
1344 737
1346 729
1351 694
1351 688
1346 684
1339 686
1343 692
1336 693
1327 733
1330 737
1323 745
1315 748
1320 752
1318 757
1324 758
1311 758
1304 755
1306 747
1301 746
1305 740
1312 736
1319 733
1311 727
1305 730
1300 731
1299 725
1304 719
1297 716
1305 712
1311 714
1320 716
1326 720
1319 723
1331 709
1320 707
1335 731
1280 776
1270 780
1275 783
1278 787
1267 787
1260 780
1256 782
1257 774
1264 774
1274 772
1268 767
1246 777
1237 780
1242 776
1245 767
1251 769
1255 764
1246 757
1240 758
1245 762
1237 767
1232 769
1232 776
1217 771
1211 765
1206 772
1204 767
1198 778
1199 770
1209 780
1215 782
1211 795
1203 799
1202 784
1193 792
1196 786
1198 793
1194 805
1203 807
1210 821
1215 816
1213 825
1220 826
1224 831
1228 827
1229 819
1223 819
1226 813
1219 813
1224 806
1210 812
1210 803
1215 804
1217 796
1216 788
1206 791
1122 851
1118 858
1125 857
1124 841
1117 843
1112 844
1114 854
1112 861
1104 848
1100 851
1106 840
1091 857
1094 849
1099 841
1101 832
1102 826
1097 828
1092 828
1092 823
1090 834
1087 840
1092 841
1086 853
1078 854
1070 855
1072 857
1072 848
1081 847
1080 832
1085 826
1085 820
1088 817
1089 811
1080 812
1077 821
1074 815
1071 808
1067 812
1068 818
1071 822
1075 827
1067 843
1078 840
1046 853
1052 847
1043 843
1048 833
1058 833
1044 797
1048 794
1048 788
1040 789
1047 781
1038 782
1029 786
1024 780
1043 775
1043 770
1036 771
1037 767
1022 771
1029 766
975 901
976 907
976 912
982 899
979 896
984 891
989 887
990 880
982 877
983 883
978 886
973 892
966 888
966 895
966 901
974 881
969 877
964 881
975 874
953 874
954 869
947 869
940 870
934 868
933 872
933 883
932 887
940 880
939 886
946 880
946 885
944 874
939 875
844 914
840 911
844 907
835 907
838 903
842 900
839 898
838 894
843 894
832 886
829 879
826 884
819 879
819 885
815 889
815 895
807 895
802 906
813 927
808 930
808 923
813 919
818 921
821 929
817 932
820 916
826 916
822 911
816 910
810 914
820 905
817 903
822 901
828 900
831 900
829 896
828 889
830 893
739 896
742 890
741 886
729 891
734 887
727 885
725 891
722 888
718 892
715 910
720 897
715 885
719 884
722 880
717 876
709 882
708 876
712 873
712 867
716 870
706 871
705 866
700 868
698 864
697 859
704 860
702 856
710 855
707 852
703 846
710 843
709 835
698 838
699 831
704 832
710 828
705 827
699 852
701 842
693 838
688 912
682 915
685 917
677 920
676 917
681 910
676 910
677 904
679 899
686 904
694 899
694 904
698 891
690 895
683 894
681 891
688 890
688 883
693 888
694 881
688 879
682 881
567 903
564 898
574 904
578 900
578 898
576 895
572 898
547 899
544 897
551 896
549 892
546 890
512 903
510 908
506 902
508 898
513 894
506 891
503 900
491 903
494 899
497 897
493 895
492 889
489 894
488 899
484 893
502 905
496 904
495 907
503 952
500 962
494 962
497 956
492 948
499 950
501 946
510 942
507 944
502 936
499 941
509 935
495 942
493 936
497 933
497 969
489 966
601 869
599 874
600 878
604 865
600 846
605 842
608 849
396 911
390 912
393 907
362 897
356 892
359 889
359 883
356 888
353 885
357 898
343 911
335 912
334 917
327 915
329 914
326 910
329 908
333 905
327 902
325 907
307 958
303 954
308 954
311 952
311 956
310 947
314 947
311 943
315 941
314 936
319 940
322 944
324 943
325 940
321 936
316 931
304 950
305 945
305 940
289 944
293 940
294 944
288 939
283 947
283 942
279 943
53 934
51 932
53 931
55 932
56 930
53 927
54 924
56 921
57 918
61 919
61 921
60 926
383 889
380 896
365 881
367 888
364 890
366 894
368 897
370 898
369 901
371 903
371 904
365 900
1596 619
1602 614
1476 677
1480 681
1455 681
1422 638
1411 635
1417 643
1401 647
1402 639
1407 654
1400 655
1395 645
1417 628
1423 624
1338 745
1329 744
1325 751
1316 742
1306 734
1301 735
1312 720
1307 724
1313 706
1296 710
1273 766
1256 753
1258 748
1250 749
1252 759
1236 773
1200 790
1187 788
1187 809
1207 825
1073 800
1059 842
1065 835
1072 831
1064 823
1065 851
1107 854
1018 762
1011 760
1010 754
1013 751
969 906
975 870
985 872
993 879
949 862
943 863
940 865
931 881
838 889
849 905
807 918
800 897
819 892
702 896
682 886
283 928