1532 549
1536 547
1536 540
1527 541
1523 545
1520 541
1523 531
1529 529
1531 534
1516 530
1511 525
1510 531
1499 530
1503 536
1506 541
1515 537
1515 548
1510 549
1526 562
1516 554
1500 553
1497 541
1493 547
1478 657
1471 654
1473 649
1470 644
1475 642
1478 647
1485 646
1487 641
1490 644
1484 653
1473 665
1462 667
1468 664
1465 658
1462 647
1463 640
1457 639
1454 630
1447 633
1442 626
1446 623
1450 627
1447 629
1440 634
1435 632
1444 641
1438 642
1444 647
1437 647
1441 653
1451 650
1454 646
1455 654
1446 657
1450 661
1458 664
1454 669
1458 669
1460 672
1457 673
1446 666
1439 664
1440 662
1435 656
1429 653
1425 650
1421 652
1415 658
1420 660
1425 659
1432 662
1428 663
1424 668
1429 671
1431 669
1421 671
1417 669
1417 676
1381 504
1379 498
1378 494
1371 495
1365 497
1375 504
1367 507
1360 502
1355 509
1350 510
1363 515
1372 514
1379 513
1372 524
1365 523
1356 527
1354 519
1349 523
1351 533
1346 537
1353 540
1360 536
1368 533
1374 532
1373 538
1381 541
1374 547
1367 551
1367 542
1360 546
1352 549
1347 545
1348 553
1350 561
1355 556
1355 568
1364 559
1359 563
1370 558
1363 568
1349 574
1344 576
1342 566
1346 568
1347 674
1341 674
1341 667
1340 664
1337 662
1330 671
1326 675
1318 676
1321 677
1322 670
1322 665
1333 676
1331 679
1336 681
1341 684
1338 690
1331 693
1333 686
1326 683
1324 690
1317 684
1319 693
1312 695
1312 702
1320 701
1326 703
1332 701
1332 707
1328 711
1325 716
1324 723
1319 717
1314 717
1316 709
1311 711
1322 711
1323 708
1332 724
1331 717
1334 716
1341 716
1347 716
1353 707
1343 704
1336 702
1342 697
1344 694
1351 694
1347 698
1356 697
1345 688
1347 680
1352 669
1307 693
1313 689
1314 783
1310 789
1304 793
1304 786
1308 779
1301 780
1296 775
1300 772
1292 768
1298 764
1287 770
1288 778
1287 787
1282 783
1295 788
1294 796
1288 793
1283 794
1277 791
1286 801
1291 804
1295 810
1292 816
1286 809
1278 804
1275 800
1272 808
1266 805
1282 817
1276 813
1270 816
1281 827
1287 822
1289 828
1294 826
1291 835
1299 837
1298 840
1297 846
1292 846
1286 845
1281 839
1284 834
1277 833
1277 821
1256 757
1248 760
1243 753
1238 758
1238 767
1246 768
1253 768
1251 777
1241 775
1231 773
1225 765
1221 772
1212 769
1212 776
1203 774
1206 780
1211 788
1216 783
1224 785
1227 780
1231 786
1236 784
1245 783
1240 791
1246 795
1248 801
1238 801
1230 801
1232 807
1238 812
1243 809
1240 819
1233 818
1226 813
1221 809
1214 811
1215 804
1219 817
1225 821
1222 826
1225 829
1229 836
1234 830
1238 838
1243 835
1243 828
1246 821
1237 823
1248 809
1251 792
1235 796
1125 910
1116 911
1113 906
1119 903
1122 907
1126 901
1128 895
1122 896
1116 893
1124 891
1123 883
1117 888
1118 882
1111 889
1108 894
1104 896
1110 900
1106 900
1095 897
1097 892
1088 893
1091 888
1102 888
1103 880
1110 881
1115 880
1124 875
1110 874
1118 872
1115 868
1108 906
1109 865
1107 860
1114 858
1115 862
1048 965
1035 969
1040 963
1033 958
1040 954
1045 956
1056 955
1053 946
1048 948
1040 945
1034 948
1029 954
1027 945
1032 939
1040 939
1043 932
1048 940
1054 937
1061 938
1065 933
1064 924
1064 920
1057 914
1057 922
1057 930
1048 927
1050 921
1050 916
1049 909
1040 910
1044 918
1041 925
1035 931
1031 935
1032 925
1036 917
1029 906
1038 905
1028 912
1021 913
1021 921
1027 921
1031 915
1029 927
1011 722
1010 729
1015 732
1002 736
1011 740
1017 747
1004 747
995 739
990 734
985 730
990 747
997 753
999 746
1007 755
1012 751
1001 761
994 761
994 766
992 768
996 773
1000 770
1006 768
1013 765
1003 778
995 780
1000 786
1011 782
1013 790
1007 794
1003 798
998 805
995 796
1011 804
1013 797
986 763
986 772
988 780
987 786
994 788
990 790
989 797
979 772
976 761
977 753
1004 818
1002 824
995 820
992 825
1003 831
1008 824
996 811
991 810
991 805
984 818
978 821
976 812
985 808
974 802
973 792
966 798
964 802
958 809
968 809
971 816
974 828
969 833
962 832
966 824
960 819
963 814
951 813
955 804
951 821
948 827
946 832
951 833
955 827
960 838
956 840
966 841
960 848
892 778
892 772
883 784
877 787
882 791
872 782
868 776
861 777
868 768
879 776
869 793
877 795
862 786
859 794
862 800
866 797
871 800
855 797
849 793
847 800
842 791
843 785
844 778
853 779
854 786
821 821
826 825
826 830
815 832
807 833
805 827
809 822
796 824
798 831
796 836
802 840
797 843
809 841
812 840
812 849
808 852
802 848
795 850
804 857
811 857
809 860
807 864
800 862
799 869
802 870
811 869
811 873
803 873
793 872
793 868
794 860
786 862
788 856
791 851
791 846
785 845
789 841
781 840
783 835
790 833
793 830
786 824
782 829
774 825
777 824
781 821
790 817
802 821
783 851
709 849
716 850
704 858
706 863
713 862
708 858
714 856
710 866
704 868
706 870
706 875
709 874
711 878
709 880
715 881
719 875
716 872
719 870
724 867
715 865
556 916
549 913
543 919
551 922
553 929
557 934
557 939
543 931
537 934
539 925
537 917
535 931
516 850
514 843
519 841
524 844
522 853
513 856
509 850
505 854
500 851
509 861
444 972
442 965
451 963
453 969
445 979
438 973
432 968
432 963
435 963
426 974
434 976
431 981
433 985
438 986
440 980
387 906