1501 595
1502 587
1495 585
1502 573
1504 572
1509 566
1501 566
1498 564
1499 560
1491 560
1500 553
1501 547
1504 553
1491 551
1491 543
1497 541
1501 539
1499 530
1495 535
1487 533
1485 539
1497 525
1492 529
1467 555
1460 563
1457 557
1460 552
1453 548
1453 541
1458 539
1452 534
1448 533
1442 538
1437 547
1444 554
1447 549
1449 556
1444 562
1450 565
1451 572
1456 569
1455 576
1449 583
1456 584
1440 584
1437 577
1434 570
1435 559
1443 569
1429 554
1429 565
1431 575
1430 581
1433 584
1463 694
1461 688
1455 695
1450 689
1454 684
1448 679
1452 675
1441 675
1446 669
1443 667
1435 671
1433 679
1438 682
1433 687
1437 696
1442 700
1449 707
1455 702
1447 694
1435 715
1441 716
1445 719
1453 714
1449 724
1427 710
1429 701
1420 706
1421 718
1425 724
1414 708
1415 701
1413 688
1424 692
1422 686
1423 636
1426 632
1416 636
1418 632
1413 631
1406 633
1409 624
1418 622
1418 619
1405 618
1400 616
1406 610
1395 614
1400 603
1394 623
1399 625
1404 628
1401 640
1407 642
1371 737
1374 734
1369 730
1366 725
1375 723
1371 717
1361 733
1357 728
1357 723
1352 720
1360 718
1356 711
1364 713
1366 704
1367 696
1377 691
1370 686
1373 679
1366 678
1363 673
1361 670
1357 675
1360 682
1361 692
1355 685
1351 681
1344 681
1344 675
1351 673
1354 694
1349 689
1342 693
1347 699
1353 704
1347 707
1337 715
1331 709
1333 721
1328 717
1321 719
1331 724
1323 705
1324 710
1318 698
1315 707
1311 700
1315 692
1319 686
1323 692
1329 699
1336 696
1339 701
1335 703
1338 706
1344 708
1330 688
1336 685
1333 679
1337 676
1328 674
1320 675
1319 679
1314 681
1312 684
1308 684
1309 688
1304 685
1304 696
1304 702
1310 693
1299 699
1293 691
1300 691
1296 680
1291 672
1285 681
1282 674
1279 670
1287 687
1279 682
1282 691
1275 695
1279 701
1289 702
1294 707
1269 700
1263 701
1266 706
1308 711
1235 785
1226 781
1221 786
1218 778
1217 774
1221 769
1227 775
1228 775
1233 771
1234 779
1240 774
1238 766
1237 760
1235 756
1229 764
1228 756
1225 750
1231 745
1234 752
1220 756
1217 749
1213 761
1211 765
1210 769
1205 768
1202 761
1195 767
1191 762
1186 765
1190 770
1189 757
1189 753
1183 760
1194 753
1191 748
1200 746
1208 751
1211 739
1216 745
1218 740
1223 742
1231 736
1236 736
1235 738
1242 736
1241 743
1244 748
1239 749
1245 732
1250 730
1256 728
1245 723
1239 725
1237 718
1241 715
1235 713
1229 715
1232 724
1226 726
1224 717
1228 720
1220 722
1223 731
1225 739
1215 732
1215 725
1215 720
1207 727
1206 733
1204 737
1200 740
1251 698
1254 697
1245 693
1231 692
1227 687
1224 679
1218 677
1222 671
1228 659
1226 653
1225 663
1221 661
1220 658
1248 663
1211 672
1210 668
1213 664
1185 772
1137 828
1132 827
1128 830
1123 825
1124 819
1132 819
1138 821
1135 815
1142 813
1139 808
1132 813
1129 807
1128 806
1124 812
1121 810
1118 806
1121 802
1126 799
1118 798
1118 785
1125 785
1128 792
1131 785
1134 791
1139 786
1144 792
1139 798
1133 801
1142 803
1131 775
1127 778
1140 774
1097 887
1088 890
1090 884
1082 885
1084 878
1081 874
1088 872
1092 879
1098 875
1100 881
1104 872
1107 869
1100 867
1093 867
1103 862
1096 860
1088 860
1086 865
1082 868
1077 866
1080 863
1084 856
1078 853
1084 849
1075 846
1079 844
1070 840
1075 837
1079 832
1078 839
1086 843
1087 833
1090 838
1091 831
1096 836
1090 846
1092 854
1100 852
1105 850
1099 843
1108 856
1115 845
1112 842
1117 837
1115 835
1107 842
1104 840
1108 835
1110 826
1103 827
1100 833
1095 829
1093 761
1089 754
1101 755
1098 749
1102 748
1103 751
1103 737
1093 737
1093 731
1098 730
1099 733
1110 732
1112 736
1114 729
1120 723
1125 714
1116 717
1113 710
1118 705
1118 698
1112 701
1113 695
1116 694
1106 707
1106 714
1102 720
1100 711
1094 715
1089 711
1084 702
1100 704
1088 706
1100 691
1097 697
1090 693
1083 692
1093 686
1100 683
1108 683
1107 692
1105 698
1113 686
1116 687
1107 677
1111 670
1104 670
1098 674
1101 667
1096 679
1090 677
1086 679
1085 682
1083 686
1078 681
1083 677
1087 670
1090 662
1082 659
1095 666
1096 655
1103 650
1110 656
1102 662
1219 700
1223 695
1218 684
1215 680
1006 771
1003 767
998 771
1001 775
995 777
991 771
998 764
988 762
988 753
995 758
993 760
1003 757
1001 760
997 753
997 748
1004 750
1002 741
1006 744
1010 746
1009 751
988 746
989 740
994 737
988 729
995 723
1005 726
1005 730
1002 734
999 729
993 733
1002 721
1004 716
998 716
1000 710
1003 708
995 706
995 703
986 705
990 714
988 722
980 717
980 713
980 705
973 704
978 696
980 702
985 698
990 693
1000 697
998 691
1003 681
992 682
996 677
989 674
984 683
982 688
975 688
968 686
962 691
965 701
452 1029
451 1025
447 1022
441 1026
442 1019
448 1017
443 1013
445 1008
439 1011
440 1007
439 1016
434 1012
432 1007
436 1003
440 1000
432 1002
424 1006
428 1009
428 1003
425 1013
429 1015
422 1016
427 1019
427 1021
431 1020
431 1025
424 1025
431 1030
420 1010
420 1006
422 1001
426 996
431 994
434 995
433 998
437 993
434 990
375 964