1383 633
1387 628
1385 624
1390 620
1388 617
1386 609
1386 604
1380 609
1375 607
1369 596
1375 595
1382 592
1373 589
1366 589
1381 584
1388 584
1391 580
1383 580
1380 577
1374 583
1364 581
1369 577
1363 572
1366 567
1373 570
1375 565
1378 573
1382 568
1382 563
1387 568
1389 571
1362 564
1307 589
1310 593
1314 601
1306 598
1308 606
1316 608
1301 613
1294 613
1293 606
1301 604
1299 596
1291 598
1290 591
1296 591
1306 620
1311 623
1309 632
1298 622
1286 636
1288 649
1278 647
1282 641
1300 712
1290 713
1291 704
1286 707
1287 699
1294 698
1303 704
1304 694
1295 686
1299 689
1304 679
1308 684
1296 675
1298 667
1302 667
1286 675
1285 670
1276 670
1283 680
1288 689
1283 694
1221 794
1227 791
1224 785
1230 784
1228 779
1230 774
1231 766
1228 769
1225 774
1222 772
1218 768
1223 764
1229 761
1225 754
1218 758
1213 763
1208 768
1213 775
1213 780
1213 787
1209 780
1199 785
1203 786
1192 792
1187 785
1183 779
1185 776
1193 780
1194 772
1200 767
1203 774
1207 758
1214 752
1219 748
1222 745
1224 738
1230 744
1231 735
1228 731
1223 732
1220 727
1214 741
1214 732
1208 747
1205 743
1197 750
1198 760
1190 764
1192 753
1200 754
1183 770
1186 771
1226 690
1231 692
1237 692
1238 686
1240 684
1235 679
1232 684
1224 659
1227 653
1222 653
1212 654
1218 646
1224 644
1230 647
1232 636
1237 633
1239 626
1233 620
1227 628
1223 635
1217 631
1213 625
1217 620
1226 621
1225 614
1232 611
1232 606
1216 603
1216 612
1208 611
1205 616
1210 620
1211 633
1211 642
1199 702
1199 697
1194 696
1191 693
1189 699
1192 707
1187 703
1189 712
1193 712
1175 710
1181 705
1177 695
1169 690
1171 696
1171 682
1164 685
1156 693
1166 701
1165 694
1172 704
1166 708
1168 715
1160 710
1156 704
1155 707
1156 712
1156 715
1141 800
1138 800
1136 802
1134 799
1131 796
1130 790
1139 791
1143 790
1132 783
1129 780
1123 785
1119 791
1115 785
1117 779
1115 771
1102 773
1107 766
1110 764
1106 758
1117 763
1113 756
1118 754
1122 766
1124 757
1127 774
1130 768
1132 763
1137 761
1136 755
1130 750
1131 744
1128 738
1123 749
1123 744
1122 741
1124 732
1129 732
1116 734
1116 727
1111 732
1106 742
1106 736
1112 737
1100 742
1098 740
1093 745
1088 749
1102 752
1113 745
1116 742
1108 750
1100 763
1101 769
1091 764
1084 766
1081 760
1087 757
1082 742
1079 749
1074 743
1067 742
1071 749
1064 752
1070 756
1075 757
1071 763
1080 771
1086 774
1083 779
1086 782
1083 786
1079 790
1068 787
1076 779
1070 775
1068 768
1064 770
1062 776
1057 771
1049 775
1048 767
1054 766
1049 760
1049 752
1054 750
1056 745
1053 740
1042 749
1039 742
1035 748
1039 756
1041 766
1040 772
1034 766
1031 761
1026 765
1029 755
1030 752
1029 745
1030 742
999 837
996 843
987 843
983 839
991 837
997 833
996 827
990 829
983 832
976 835
971 824
976 826
974 817
982 819
985 823
991 820
995 818
987 813
995 810
999 811
990 806
995 801
997 806
986 799
983 807
991 796
999 794
1002 793
1009 791
1009 785
1004 787
1003 781
999 779
998 786
992 789
991 782
991 776
982 778
984 789
983 783
980 799
978 804
978 811
972 811
970 804
975 799
970 796
968 792
976 790
977 783
970 787
970 783
965 789
961 789
963 796
965 802
961 811
961 804
953 807
951 800
949 813
947 807
947 820
948 828
952 822
954 815
957 823
962 827
961 821
956 829
935 868
929 868
929 862
934 860
934 855
938 859
927 855
924 867
923 858
917 857
915 853
919 850
924 854
927 849
932 845
937 844
935 838
931 831
929 842
922 844
917 841
912 846
912 837
920 834
925 835
925 830
935 825
929 823
918 828
922 826
920 821
913 823
913 829
909 832
880 923
875 921
877 917
869 916
871 909
877 912
874 906
883 908
885 914
882 919
889 912
889 906
891 906
893 903
888 898
884 902
878 902
868 900
874 895
871 892
875 890
881 896
883 889
890 887
892 892
895 884
897 877
904 874
907 880
905 884
902 890
897 894
889 879
889 874
884 873
885 869
881 868
882 880
874 883
871 885
867 888
864 889
865 882
868 880
861 876
865 874
861 870
869 869
873 866
874 871
877 878
871 879
874 879
871 877
876 809
874 801
880 803
889 798
889 789
880 790
875 782
879 779
878 777
872 775
878 771
883 769
887 774
895 769
894 765
893 761
898 764
898 759
889 765
888 758
888 754
883 754
882 761
877 765
875 767
872 762
876 758
870 757
871 751
877 751
878 745
884 745
889 747
883 738
879 739
879 730
888 731
890 725
894 728
869 736
871 741
865 746
864 738
857 738
862 733
854 731
859 725
864 725
866 722
867 726
871 725
875 722
881 715
889 716
881 721
875 708
878 711
804 815
801 811
801 817
797 813
794 817
790 813
794 809
798 804
809 804
798 794
793 794
795 798
794 789
787 787
784 792
783 799
779 807
778 803
785 808
782 813
780 796
773 782
774 776
779 771
779 765
786 766
786 772
771 770
773 760
766 762
760 767
759 760
762 756
758 753
752 749
754 747
765 748
774 752
778 756
766 753
784 757
780 760
783 750
791 752
781 743
764 744
759 744
797 778
803 783
1075 787