1867 576
1873 584
1876 587
1878 579
1885 576
1874 572
1879 570
1882 566
1876 564
1881 557
1876 554
1887 552
1880 549
1883 546
1877 542
1881 539
1873 547
1877 533
1870 534
1872 540
1874 538
1866 569
1860 571
1861 580
1858 583
1857 589
1853 585
1864 582
1869 581
1829 586
1829 580
1819 581
1818 588
1817 596
1816 603
1767 579
1766 573
1762 569
1761 575
1756 577
1753 572
1756 569
1763 564
1751 600
1758 602
1757 597
1755 593
1753 591
1756 588
1761 588
1746 582
1741 584
1737 589
1731 584
1736 580
1730 577
1734 572
1734 566
1728 569
1724 575
1723 569
1726 581
1726 588
1716 578
1674 674
1678 665
1680 667
1680 661
1668 673
1668 668
1663 667
1673 661
1676 657
1667 656
1661 657
1657 653
1674 648
1678 650
1683 644
1677 639
1683 636
1677 633
1670 642
1668 632
1665 626
1670 621
1664 617
1668 615
1668 608
1664 604
1669 598
1665 595
1665 589
1664 586
1660 585
1656 592
1657 599
1650 595
1649 591
1645 596
1651 602
1656 608
1649 615
1646 626
1650 620
1654 618
1661 645
1658 637
1653 645
1653 638
1648 654
1638 653
1632 655
1633 660
1626 666
1632 667
1620 661
1625 655
1622 648
1619 653
1615 648
1615 643
1621 641
1630 644
1636 640
1630 635
1622 637
1616 637
1624 631
1620 626
1618 631
1629 621
1622 618
1637 630
1638 621
1638 615
1631 615
1629 628
1603 689
1597 690
1601 682
1606 681
1602 675
1595 671
1590 676
1597 676
1592 685
1593 692
1587 690
1580 688
1581 680
1587 684
1584 671
1579 670
1574 674
1569 674
1573 679
1570 684
1566 681
1562 670
1568 669
1571 664
1575 666
1577 662
1581 656
1576 652
1574 656
1565 657
1565 663
1555 667
1546 671
1552 672
1549 675
1554 681
1548 686
1561 683
1544 678
1541 675
1538 686
1533 688
1528 690
1538 694
1554 697
1550 700
1547 708
1538 707
1531 711
1531 702
1553 718
1557 724
1554 729
1549 720
1539 718
1547 732
1555 732
1544 724
1548 693
1470 755
1465 748
1472 744
1475 738
1461 765
1467 764
1464 759
1474 751
1460 755
1458 750
1459 743
1454 742
1452 735
1442 749
1436 743
1437 755
1432 746
1446 756
1452 753
1453 758
1450 748
1446 738
1378 763
1379 753
1384 756
1388 749
1386 742
1389 735
1394 741
1378 741
1380 735
1384 727
1376 725
1368 728
1369 721
1371 734
1372 743
1369 691
1376 689
1360 685
1362 680
1369 678
1361 693
1347 682
1350 677
1347 672
1339 672
1343 668
1340 661
1334 663
1330 674
1328 663
1290 809
1286 811
1291 816
1295 812
1295 805
1301 801
1304 796
1298 794
1292 798
1293 792
1289 790
1285 796
1278 799
1282 806
1268 794
1260 799
1252 801
1252 807
1241 808
1241 815
1245 803
1240 799
1237 803
1245 791
1248 787
1255 787
1262 787
1257 781
1255 793
1252 792
1275 793
1281 792
1273 789
1268 785
1150 831
1145 836
1147 839
1140 832
1144 827
1144 822
1149 823
1146 818
1137 824
1131 825
1132 821
1133 815
1136 817
1138 811
1125 849
1120 853
1125 856
1121 860
1113 857
1113 850
1119 845
1110 843
1115 840
1125 842
1130 842
1125 836
1125 830
1121 834
1116 833
1128 824
1122 823
1026 817
1021 819
1015 820
1019 824
1024 823
1030 814
1025 813
1005 819
1005 828
998 820
1000 812
995 813
1003 806
999 804
1008 813
1008 806
990 798
983 797
987 794
988 801
976 800
970 800
966 804
977 812
983 807
987 819
986 825
980 822
972 821
967 817
963 815
967 811
971 809
961 820
961 825
965 823
968 828
975 832
977 841
969 839
963 840
958 838
963 835
981 835
981 759
981 751
984 746
986 753
993 750
990 758
988 763
983 769
978 767
981 779
989 779
975 760
954 795
947 809
947 802
954 806
942 805
942 797
947 794
828 792
829 797
831 786
829 784
827 779
834 779
834 775
802 737
796 740
795 744
794 735
803 836
799 839
804 843
808 840
808 834
813 835
813 832
793 839
794 836
790 836
793 832
762 829
767 833
764 836
769 841
774 837
728 839
723 841
726 834
717 836
717 842
713 846
711 841
714 843
708 844
706 839
700 844
703 846
697 840
700 834
695 832
692 829
689 833
688 828
683 833
687 839
692 837
691 844
694 841
702 842
701 848
720 864
714 858
719 857
717 852
719 849
713 854
725 861
688 916
692 919
696 916
692 913
692 910
688 910
689 907
699 910
696 905
705 906
706 900
700 898
706 892
710 888
702 887
697 887
695 883
705 880
713 879
707 875
699 877
696 879
695 875
694 877
562 855
558 856
557 852
553 852
552 846
549 843
551 838
548 832
546 850
516 840
515 835
518 832
522 830
516 826
514 832
509 835
509 829
506 826
505 823
509 821
509 825
513 821
513 819
482 863
482 858
488 857
480 849
475 853
480 854
476 859
474 858
473 862
471 856
471 851
472 847
474 841
450 911
449 908
445 907
445 900
447 903
447 897
451 902
454 898
455 903
458 897
455 893
461 891
455 889
459 885
465 890
464 880
418 898
420 904
417 893
423 888
424 894
411 872
403 876
402 873
406 870
407 870
408 868
402 870
402 864
398 866
398 862
400 861
404 867
722 761
718 767
726 766
720 770
713 774
709 770
701 775