1377 664
1372 667
1376 668
1383 664
1383 658
1377 650
1380 653
1377 655
1370 646
1362 647
1366 651
1369 653
1374 660
1354 663
1361 662
1362 656
1357 650
1351 649
1355 640
1344 643
1346 657
1344 651
1288 675
1293 671
1288 666
1291 661
1282 657
1284 652
1283 644
1277 638
1269 643
1266 647
1270 655
1273 668
1230 637
1235 641
1237 649
1236 635
1242 639
1243 637
1241 627
1236 624
1222 639
1227 645
1229 647
1231 650
1228 648
1231 647
1212 636
646 954
641 957
643 951
645 947
641 942
648 942
653 938
644 937
648 935
639 934
640 938
636 936
633 933
467 894
470 894
475 898
477 896
474 889
476 885
469 885
463 883
460 882
464 879
469 876
470 872
477 874
479 879
481 884
475 880
480 866
471 865
471 859
475 859
478 854
483 857
484 861
480 848
473 849
470 852
465 855
465 849
461 852
458 855
465 863
462 867
459 869
456 863
457 859
452 862
449 867
453 874
474 827
470 831
479 826
474 820
469 822
464 825
467 819
460 828
459 821
419 825
421 818
416 814
418 809
411 809
408 809
408 803
415 803
415 800
433 803
434 808
436 813
408 799
405 800
407 794
413 795
401 794
356 773
358 776
360 782
352 780
360 771
361 772
364 768
360 764
356 762
351 764
351 769
348 776
345 773
364 802
366 795
377 802