1220 643
1219 634
1224 649
1225 640
1210 640
1207 647
1204 636
1204 631
1215 629
1206 625
1197 630
1196 644
1198 636
1186 640
1189 650
1194 654
1199 654
1208 654
1217 649
1275 710
1268 709
1263 710
1260 712
1258 717
1262 722
1267 725
1273 722
1271 716
1267 718
1276 715
1257 722
1260 725
1261 729
1257 730
1254 728
1252 729
1256 737
1258 740
1250 741
1251 742
1261 752
1257 755
1252 757
1249 760
1246 753
1249 750
1242 747
1238 750
1236 740
1242 732
1239 729
1228 741
1221 744
1228 747
1229 753
1232 746
1221 752
1227 757
1212 751
1215 745
1211 739
1216 739
1218 729
1221 734
1198 741
1203 748
1193 747
1186 749
1191 755
1198 757
1187 760
1182 763
1193 769
1201 767
1203 764
1203 770
1206 757
964 866
960 871
957 865
951 858
956 853
950 850
953 841
962 843
964 851
968 854
971 845
977 851
981 848
955 834
951 827
946 835
954 824
937 857
936 851
938 847
934 842
939 836
935 832
939 826
930 837
931 847
930 851
932 854
929 858
924 860
919 857
923 855
916 856
913 852
916 850
912 847
918 844
924 842
924 848
922 834
926 828
926 826
922 822
928 823
919 827
912 830
909 834
911 841
916 837
904 837
902 827
912 821
914 819
917 816
920 814
925 813
903 819
897 821
893 825
893 820
888 820
885 824
883 818
874 823
870 815
873 813
878 810
878 803
883 804
886 803
886 809
883 812
879 815
890 811
893 808
895 805
899 801
900 806
905 802
907 804
906 808
904 812
899 812
912 810
910 813
918 810
915 804
920 803
929 805
937 798
941 802
929 799
932 793
940 791
945 786
940 783
933 785
927 789
924 793
921 786
927 783
922 779
930 777
936 777
945 778
953 780
958 784
944 772
946 767
937 772
939 767
931 769
923 774
917 773
917 766
922 768
925 764
933 762
941 759
950 761
955 753
947 750
951 745
946 741
951 736
958 744
941 748
937 743
940 736
933 737
933 730
925 733
921 730
920 736
918 744
914 750
909 756
913 762
917 757
923 752
929 745
927 758
934 753
911 769
904 760
905 752
910 774
905 768
891 784
892 791
885 784
879 790
885 795
894 797
876 797
871 787
876 782
871 774
881 763
875 758
875 765
881 756
885 754
820 767
813 765
815 774
820 773
808 771
801 773
804 763
797 760
803 756
810 756
796 751
793 753
789 750
789 758
783 754
781 759
777 764
784 766
791 765
795 772
797 778
808 779
803 780
806 784
814 784
819 782
810 791
810 798
809 807
809 813
811 819
806 818
801 812
796 815
795 806
801 803
804 806
801 796
803 790
797 786
792 792
794 800
790 785
792 781
786 781
785 788
779 782
780 790
781 799
775 800
775 793
787 773
782 771
781 776
790 829
788 825
788 816
784 821
781 813
777 819
773 812
767 805
779 807
767 814
761 812
762 807
764 819
770 822
774 827
778 829
782 828
770 834
769 827
756 820
754 812
758 800
759 796
762 800
768 796
765 793
787 890
786 886
782 880
793 885
795 877
793 872
797 870
786 875
786 870
780 869
776 865
779 875
765 848
758 849
763 843
760 841
762 835
766 837
763 829
755 831
751 826
748 821
750 817
748 814
743 827
737 829
739 834
745 833
746 838
749 833
753 838
750 843
754 847
742 813
738 810
734 808
727 814
737 817
737 822
733 817
741 879
738 877
732 874
738 871
744 874
743 866
739 862
742 857
745 854
742 849
740 846
737 854
736 849
742 840
746 845
733 858
728 858
732 865
727 867
723 860
722 856
725 849
731 851
732 847
718 854
720 848
729 839
723 836
719 835
723 831
726 827
729 832
716 828
718 824
710 824
712 819
719 817
714 811
709 815
705 818
703 810
707 808
702 801
708 798
702 794
704 788
684 847
677 849
675 856
669 850
672 847
673 841
669 841
670 836
677 838
678 835
680 839
676 831
663 825
665 822
658 828
663 854
659 851
661 844
654 840
652 843
648 840
652 848
657 862
662 867
667 864
661 858
656 870
651 871
654 865
650 862
648 857
642 856
638 862
644 864
640 868
643 873
635 872
638 881
635 885
631 879
630 871
633 866
629 863
632 858
635 854
639 850
643 845
647 851
663 834
658 836
656 833
648 834
644 835
637 841
634 840
631 848
627 851
621 855
619 847
617 842
614 835
618 831
624 830
623 836
629 836
631 833
634 830
637 829
627 823
632 823
628 818
623 815
618 812
617 818
618 826
612 828
611 822
611 815
606 818
605 814
600 814
603 820
605 826
364 942