1516 659
1517 652
1509 652
1506 648
1499 650
1505 657
1499 661
1496 657
1500 668
1500 674
1498 682
1490 681
1488 688
1492 696
1498 688
1508 686
1516 682
1508 677
1512 673
1515 670
1507 672
1493 672
1493 666
1487 672
1510 694
1513 700
1506 698
1499 699
1498 694
1504 705
1515 706
1508 711
1516 713
1502 715
1500 706
1496 703
1492 707
1487 705
1486 703
1490 702
1485 711
1478 708
1483 716
1475 713
1470 707
1474 700
1476 695
1484 697
1477 682
1478 676
1486 680
1428 680
1423 673
1419 675
1412 671
1415 687
1408 679
1423 687
1421 692
1419 696
1430 698
1425 704
1417 705
1411 705
1409 700
1419 710
1418 717
1425 712
1432 710
1430 718
1412 715
1415 721
1404 706
1402 697
1403 691
1408 693
1401 685
1398 681
1395 684
1397 690
1393 694
1397 695
1398 699
1394 704
1391 712
1396 715
1388 719
1382 725
1377 729
1372 729
1375 724
1369 725
1371 716
1380 719
1383 712
1376 712
1377 704
1385 706
1389 699
1379 697
1383 692
1377 688
1391 689
1386 685
1382 681
1392 677
1384 671
1394 665
1391 659
1382 662
1327 689
1328 679
1325 673
1321 665
1317 673
1319 665
1320 686
1323 684
1318 681
1300 676
1296 681
1293 689
1289 692
1285 697
1285 703
1293 702
1302 697
1300 690
1307 691
1311 691
1314 707
1304 702
1300 707
1307 710
1309 717
1312 719
1320 718
1315 712
1325 714
1325 729
1318 728
1325 737
1320 738
1325 745
1320 747
1309 746
1309 739
1312 731
1310 724
1306 733
1304 727
1298 728
1293 729
1298 717
1303 717
1292 712
1288 716
1281 710
1279 715
1283 715
1281 720
1277 721
1288 723
1284 730
1273 727
1217 775
1220 770
1215 761
1220 760
1215 754
1221 748
1207 756
1202 769
1201 766
1211 767
1212 764
1209 779
1224 777
1209 800
1205 797
1204 791
1197 782
1197 776
1190 772
1195 761
1196 750
1188 753
1182 748
1186 740
1179 738
1176 744
1172 739
1170 745
1165 741
1163 746
1166 748
1174 749
1172 754
1167 755
1180 756
1183 763
1176 764
1167 761
1160 759
1161 764
1168 768
1163 771
1173 773
1180 773
1180 779
1173 781
1167 777
1166 785
1160 787
1154 786
1151 779
1156 773
1156 767
1160 779
1157 791
1153 790
1187 769
1189 764
1179 730
1178 726
1166 734
1159 733
1165 727
1167 721
1178 716
1181 713
1184 721
1163 810
1156 810
1160 817
1150 815
1144 820
1148 819
1137 815
1131 817
1129 811
1129 806
1134 810
1138 806
1143 811
1150 808
1151 802
1144 802
1146 797
1145 791
1137 790
1134 797
1136 802
1140 823
1165 819
1161 821
1157 821
1156 817
1151 825
1156 825
1082 857
1082 850
1076 854
1075 848
1075 842
1078 839
1074 860
1078 863
1068 861
1068 853
1063 848
1058 853
1063 856
1060 859
1055 855
1053 860
1059 864
1064 866
1054 868
1046 865
1048 856
1043 861
1043 868
1042 855
1048 870
1050 851
1071 837
1069 835
1073 831
1072 826
1068 830
1025 770
1028 772
1028 762
1029 759
1029 754
1026 747
1019 748
1018 740
1011 745
1014 752
1007 756
1014 757
1022 755
1020 764
1011 764
1019 771
1012 771
1015 778
1020 778
1008 781
1003 785
998 780
1000 777
998 771
1008 772
1004 767
1003 762
1002 759
997 765
995 770
994 780
997 786
1010 787
1013 735
981 765
976 770
983 770
985 762
981 757
985 752
989 746
981 746
976 750
972 753
969 756
971 764
975 761
963 748
971 745
973 750
975 740
980 734
985 739
987 734
994 734
997 729
993 727
993 722
984 728
984 722
987 717
988 711
979 707
978 715
970 715
970 708
962 711
961 703
971 722
970 728
973 732
965 732
963 722
960 727
955 719
955 728
955 733
966 739
936 760
939 766
943 764
943 756
952 763
951 754
952 771
934 769
928 761
920 762
925 765
921 770
929 774
920 776
919 782
913 781
913 774
914 766
891 793
891 800
883 796
881 787
887 783
893 786
889 779
882 779
879 802
882 808
876 811
873 804
869 809
864 805
860 802
860 796
852 793
853 801
852 807
847 811
845 800
839 808
834 803
839 798
835 795
843 791
847 789
843 785
846 780
837 779
843 772
837 772
838 767
832 764
838 761
829 756
834 747
839 752
845 761
850 767
845 767
854 763
852 757
847 753
847 747
842 747
840 742
863 745
861 739
858 733
817 716
813 723
806 719
807 725
798 725
793 721
798 715
791 713
818 776
814 776
809 769
810 765
804 764
805 759
800 756
796 755
796 761
789 764
787 759
785 765
793 770
799 772
799 766
806 776
798 780
792 777
791 785
800 788
806 785
812 782
816 784
822 789
815 790
813 792
831 785
793 793
787 779
785 785
801 795
808 798
809 804
816 803
817 798
806 810
812 812
807 814
802 814
798 810
793 804
792 808
794 798
801 802
802 807
795 814
790 817
797 818
733 823
734 819
733 812
729 813
727 806
720 809
722 805
718 813
714 809
716 806
711 807
715 816
720 820
718 824
721 815
726 817
727 823
701 825
704 816
691 831
690 826
694 824
686 820
687 814
698 810
697 804
694 806
691 803
687 806
685 803
680 803
681 797
686 797
690 797
692 794
698 797
689 788
684 792
676 807
668 808
671 811
665 815
672 815
669 819
662 820
666 823
669 827
675 826
677 820
679 814
681 809
691 815
693 813
689 809
715 747
711 740
710 726
715 732
705 722
701 728
697 722
695 728
693 735
689 737
697 733
686 746
692 744
697 743
702 739
701 747
694 750
705 744
711 753
701 751
622 690
617 684
610 678
607 673
600 677
596 674
593 677
588 683
591 686
596 683
603 684
611 687
617 692
611 696
602 691
596 691
590 691
590 699
600 699
612 701
618 698
622 701
618 706
617 711
610 707
604 705
598 706
591 704
589 709
589 717
593 715
597 713
603 711
610 714
613 712
616 717
611 719
603 718
597 720
592 721
592 725
599 725
605 724
611 725
607 729
600 733
593 732
598 738
624 833
618 831
612 833
615 835
619 840
615 844
611 841
608 838
603 834
606 831
599 838
604 844
607 846
613 847
604 850
599 847
595 844
592 851
591 854
588 854
585 848
586 845
590 839
595 837
588 833
596 833
594 827
598 825
601 830
597 820
602 818
600 813
602 808
601 802
606 808
617 811
613 812
609 812
595 808
596 798
593 802
590 807
590 811
593 815
594 818
593 822
590 817
587 818
584 812
581 817
587 824
589 829
585 827
584 832
580 837
581 843
595 876
585 878
585 876
589 876
584 883
579 886
584 889
579 893
584 894
591 891
595 893
588 898
580 899
582 906
575 905
576 900
576 897
570 894
570 897
564 893
565 900
565 903
569 906
570 902
563 910
566 915
568 918
561 914
573 912
561 921
568 925
572 923
575 927
574 932
570 935
565 939
564 931
559 932
557 923
533 881
529 875
525 881
523 872
524 865
519 859
513 860
516 867
515 873
509 865
506 867
501 871
507 875
510 877
518 879
515 884
520 886
524 891
519 898
512 888
508 884
503 887
500 878
505 877
508 889
505 897
508 896
513 894
517 891
515 901
509 903
507 908
513 908
520 906
520 912
523 904
515 917
508 916
508 913
511 922
507 921
518 922
522 920
480 939
484 942
473 939
473 944
468 941
467 937
472 935
471 928
465 931
461 930
466 925
478 930
476 923
469 921
455 927
453 935
448 932
458 939
465 945
473 950
480 948
478 953
485 950
483 955
429 957
429 952
423 955
424 949
418 946
416 951
411 956
413 962
418 959
419 962
425 964
419 970
407 962
406 955
407 946
415 939
410 935
407 940
403 934
401 938
398 945
403 944
406 953
400 953
398 958
403 956
401 961
396 964
400 965
405 969
409 968
408 975
402 974
399 977
400 982
403 980
420 870
423 866
426 869
424 871
423 873
413 870
411 864
417 858
417 865