1007 920
1007 915
1006 910
1007 910
1001 905
1004 903
1005 900
998 897
1002 892
998 890
997 886
1000 885
1005 882
1002 875
1000 879
992 883
989 887
984 878
991 875
996 872
990 868
987 865
980 867
977 854
974 848
977 846
979 839
981 845
981 838
978 834
981 833
978 830
981 828
977 823
977 818
977 814
983 817
982 820
981 824
972 824
973 818
961 822
964 817
964 823
954 824
955 829
961 828
961 836
955 837
961 843
961 847
965 849
961 852
963 854
972 854
958 821
882 838
884 846
867 843
868 845
859 842
853 842
855 844
852 851
860 851
864 852
845 843
850 837
847 833
849 830
841 832
844 828
838 826
833 823
826 820
828 825
830 827
831 834
837 837
832 843
832 846
838 847
833 853
837 858
845 856
834 862
833 869
837 873
845 872
842 867
850 868
858 869
856 872
849 861
843 860
831 873
821 871
825 871
825 866
817 866
820 863
815 857
821 857
827 858
825 854
821 851
826 848
815 851
811 844
819 844
822 839
814 839
815 834
821 831
816 828
811 831
811 824
807 828
803 839
804 834
797 847
812 736
803 735
809 739
802 742
797 737
791 741
789 737
792 733
789 732
789 746
796 746
801 745
785 741
781 739
786 730
783 752
778 751
792 808
798 807
798 801
805 801
792 799
792 793
796 793
796 787
784 792
788 790
785 800
783 805
776 795
780 794
777 791
772 787
772 781
785 773
784 765
771 840
774 842
775 837
766 844
771 835
764 837
760 830
759 839
765 829
756 835
753 839
752 832
755 829
752 824
759 824
760 816
765 817
770 814
765 809
763 804
766 805
757 808
753 812
747 817
754 817
742 816
746 808
750 807
751 798
759 803
759 797
767 799
762 792
767 791
760 787
754 794
744 795
741 801
738 794
745 788
752 784
748 781
755 788
704 843
700 837
693 841
703 849
700 851
693 857
688 861
684 856
687 852
690 848
683 843
678 844
675 839
682 884
686 882
690 886
690 875
697 881
696 878
691 869
696 870
696 863
680 873
683 866
676 865
673 868
667 869
667 864
660 871
665 877
664 873
658 877
657 865
659 860
666 857
665 854
671 854
671 861
670 845
670 841
662 838
667 837
661 834
653 832
652 845
658 849
648 841
644 856
650 855
642 844
644 941
647 940
645 937
641 937
634 936
633 930
636 928
641 930
646 932
648 928
645 925
640 922
634 918
628 919
621 910
628 910
626 905
632 906
634 910
637 906
638 916
640 912
643 909
646 916
652 921
657 915
651 913
654 908
649 905
653 900
647 897
640 902
634 897
628 902
622 900
625 894
631 892
640 894
643 892
643 888
650 891
647 886
646 883
642 881
645 876
650 876
648 873
635 883
637 875
629 884
622 887
627 877
618 878
621 872
632 873
635 869
636 864
641 866
640 868
632 857
637 858
628 864
626 868
625 862
627 856
620 863
622 866
614 866
610 861
616 857
625 850
622 846
609 854
605 858
598 863
601 865
603 873
609 877
613 879
607 885
611 883
601 882
594 880
593 884
589 880
593 877
596 875
593 869
591 863
585 870
589 873
583 877
588 887
592 887
589 889
590 893
596 890
597 887
601 896
605 900
611 892
608 894
611 897
608 890
614 888
607 905
603 906
599 907
598 904
596 901
593 900
596 898
592 897
588 900
591 906
594 906
593 915
592 913
587 917
584 912
581 912
581 909
579 907
580 916
571 911
574 908
573 904
570 908
606 919
611 918
607 923
611 926
605 929
598 918
597 920
586 905
560 918
561 906
555 905
554 921
546 920
550 930
544 925
537 926
540 932
541 939
535 936
528 935
531 930
531 924
534 916
537 912
542 907
537 906
536 900
532 899
524 898
525 894
532 892
508 935
511 939
511 933
505 929
506 925
503 922
499 926
498 919
508 916
502 935
504 939
504 1015
497 1012
495 1014
500 1017
503 1011
493 1010
493 1004
498 1005
495 999
492 994
489 990
491 985
490 980
491 977
490 973
484 969
474 969
475 965
479 976
481 981
485 975
475 974
474 978
476 982
474 984
476 988
477 991
482 987
485 991
481 993
487 993
485 997
489 999
487 1001
482 1001
480 1000
481 1005
481 1010
484 1009
487 1007
478 1013
474 1011
476 1007
474 1000
471 996
473 993
468 985
466 980
469 978
476 997
469 989
468 1023
469 1018
471 1019
471 1024
471 1029
473 1028
474 1026
476 1028
479 1027
481 1029
482 1025
480 1023
477 1024
475 1022
467 1027
461 1025
463 1022
464 1019
460 1018
458 1021
454 1023
455 1018
450 1016
452 1011
456 1013
458 1015
463 1014
464 1009
470 1006
468 1006
463 1003
457 1006
450 1006
446 1001
452 999
454 994
459 990
464 989
455 981
456 985
446 996
449 996
449 991
445 991
448 985
448 980
454 974
451 971
447 974
444 974
444 977
445 982
442 983
439 984
437 989
440 990
442 986
435 1000
441 997
437 997
436 994
453 943
454 937
454 934
455 930
456 925
450 929
448 924
445 930
448 934
446 943
445 946
447 950
449 949
454 948
438 943
442 939
437 936
437 934
439 936
431 936
432 930
430 929
426 931
424 924
427 924
440 927
437 923
440 921
442 923
442 917
440 915
443 915
446 913
444 912
445 908
446 905
449 903
449 901
446 897
438 906
433 908
435 912
433 914
434 916
435 915
430 912
446 918
449 915
452 911
453 910
455 906
452 919
453 917
456 917
456 913
460 980
457 977
459 975
424 949
428 952
425 954
416 953
419 932
416 930
414 921
409 922
411 916
416 913
415 910
412 905
407 910
405 916
403 920
400 913
403 907
396 908
398 905
403 899
402 895
406 893
406 899
409 893
409 890
406 886
407 880
413 876
411 870
406 873
400 889
400 881
398 874
401 868
402 864
460 997
466 997
456 1002
489 875
489 870
483 871
484 866
480 867
485 863
485 859
488 859
492 864
494 867
494 871
497 858
499 860
497 855
481 859
479 862
477 859
479 854
482 853
482 849
497 847
495 849
493 845
494 842
594 830
592 824
584 823
585 820
584 816
587 815
589 817
596 817
597 821
599 817