1886 499
1890 502
1873 499
1877 507
1881 512
1886 509
1880 484
1887 483
1865 581
1865 573
1861 566
1866 560
1860 559
1856 563
1850 565
1852 559
1849 557
1845 562
1849 570
1834 566
1838 560
1827 564
1819 567
1818 563
1818 559
1824 558
1828 551
1821 550
1834 559
1835 554
1799 550
1802 548
1796 546
1794 542
1793 538
1788 540
1788 546
1788 550
1781 551
1780 545
1783 547
1778 554
1786 555
1792 557
1797 559
1795 567
1790 568
1788 565
1784 567
1783 561
1778 568
1780 574
1785 577
1793 572
1783 581
1779 587
1778 594
1772 588
1775 583
1763 589
1763 592
1759 585
1758 591
1755 598
1758 604
1762 610
1769 607
1768 602
1779 637
1771 637
1775 643
1775 650
1782 648
1782 655
1780 660
1775 661
1767 665
1766 658
1771 656
1756 658
1763 648
1769 645
1761 641
1753 642
1755 638
1757 632
1763 630
1764 635
1773 630
1772 626
1765 624
1746 635
1748 630
1742 624
1732 667
1723 668
1717 664
1722 662
1723 655
1731 659
1731 652
1710 652
1706 655
1702 653
1702 648
1706 647
1702 640
1708 635
1720 633
1668 643
1666 652
1664 659
1656 649
1651 644
1662 642
1655 636
1643 640
1636 643
1634 639
1632 634
1626 636
1624 644
1628 650
1627 655
1631 654
1626 662
1630 661
1629 665
1628 672
1624 678
1628 677
1634 675
1635 669
1639 675
1639 668
1641 664
1634 666
1639 658
1647 659
1649 655
1644 653
1639 651
1644 648
1682 636
1687 643
1690 637
1692 645
1675 649
1716 654
1716 641
1655 659
1651 659
1538 629
1530 635
1521 630
1517 623
1516 618
1524 617
1533 613
1524 611
1513 653
1518 651
1522 651
1505 659
1509 665
1498 667
1498 661
1490 659
1484 657
1490 652
1505 653
1505 648
1501 653
1521 662
1525 658
1531 663
1535 659
989 686
982 689
982 683
994 690
986 700
987 706
985 712
985 718
982 721
979 716
979 710
979 704
979 696
978 693
977 688
974 702
970 702
975 706
972 711
967 712
968 717
972 718
970 721
975 721
989 693
983 696
986 734
986 738
982 730
980 737
978 741
973 746
966 743
967 750
968 755
972 754
969 761
965 764
961 765
962 758
969 768
967 771
980 766
981 755
983 749
985 756
990 752
982 763
982 760
944 793
947 784
945 779
940 779
941 785
937 789
935 787
935 794
931 799
926 802
928 808
925 813
928 813
924 798
929 795
922 793
923 791
932 788
923 786
927 782
932 781
935 779
938 774
941 775
938 765
935 768
933 773
928 775
929 767
926 770
922 776
919 777
921 781
917 783
914 779
913 769
913 764
913 761
908 763
904 765
898 759
897 755
891 761
922 769
924 767
943 789
972 758
841 785
842 780
845 783
845 776
841 773
840 769
837 778
833 774
836 772
832 782
831 780
827 781
829 788
833 790
834 787
836 791
748 807
745 801
749 798
751 802
753 799
754 792
748 792
727 800
723 801
719 807
713 810
708 809
706 810
713 804
709 801
713 798
713 792
722 785
718 778
715 784
730 794
728 789
671 811
665 810
670 803
674 808
675 802
681 806
669 796
666 798
673 793
651 811
650 809
650 802
622 841
623 846
628 842
611 840
618 838
614 837
617 833
622 833
621 828
615 828
619 823
612 823
607 827
609 832
604 835
607 838
546 924
547 914
540 922
535 919
541 913
535 908
536 900
532 903
527 901
526 907
528 916
523 914
519 913
521 908
520 906
539 905
478 874
481 877
476 858
469 856
471 852
477 850
472 848
477 846
473 844
483 842
483 840
487 841
477 838
481 835
476 835
473 832
475 828
476 831
478 826
482 830
487 833
492 831
491 827
494 829
495 823
489 822
487 826
488 819
493 817
500 818
499 809
503 806
492 809
497 805
492 803
487 801
488 795
484 803
483 799
484 806
486 809
481 806
482 813
486 813
501 800
494 796
431 825
435 822
431 820
431 816
428 816
439 822
435 819
437 816
442 817
443 815
438 811
434 811
437 806
434 805
435 802
439 800
437 797
438 792
441 785
438 782
390 818
394 818
394 814
393 811
389 807
388 812
387 816
381 813
381 807
384 802
386 795
379 796
374 796
374 801
374 805
375 809
369 803
369 798
368 795
374 790
376 787
366 788
372 782
375 840
371 834
364 845
370 846
369 849
372 847
370 842
364 840
360 838
363 835
358 823
363 823
360 819
362 816
354 813
350 818
353 823
359 831
358 844
363 850
367 853
358 889
355 887
353 888
347 887
352 885
348 882
351 877
356 880
346 876
354 875
353 876
356 876
358 869
362 870
358 864
354 867
349 866
351 860
354 855
344 868
312 844
319 845
318 840
322 841
325 847
331 849
324 856
320 854
316 849
310 850
311 856
314 859
313 861
315 868
316 863
320 866
321 860
317 861
329 864
325 869
331 868
331 857
328 873
330 876
324 876
324 879
331 881
226 854
226 849
228 846
222 846
216 847
220 847
220 853
220 858
223 859
207 843
208 839
211 850
418 829
414 835
413 827
414 827
416 825
413 821
411 822
1533 619