1488 739
1482 743
1496 736
1502 730
1506 738
1509 731
1512 725
1508 720
1504 724
1503 718
1514 711
1518 706
1514 700
1512 705
1509 712
1505 707
1503 699
1508 691
1499 692
1494 696
1490 709
1488 701
1490 721
1495 724
1488 729
1479 730
1469 727
1474 726
1471 736
1464 739
1462 746
1470 749
1476 752
1482 735
1368 717
1361 720
1358 714
1363 711
1371 711
1374 716
1375 723
1353 737
1345 736
1340 738
1339 748
1346 747
1349 751
1349 743
1343 743
1333 744
1332 733
1334 727
1326 722
1322 715
1318 711
1316 721
1311 713
1304 717
1295 719
1298 727
1307 725
1311 731
1320 728
1321 733
1316 739
1319 745
1322 740
1319 750
1318 755
1313 762
1311 766
1317 769
1318 763
1307 770
1304 766
1307 761
1303 759
1307 753
1311 750
1312 746
1305 744
1304 737
1297 737
1299 742
1295 745
1299 751
1301 731
1235 812
1230 818
1221 816
1230 824
1187 811
1180 809
1182 800
1188 806
1190 797
1193 788
1196 792
1201 790
1200 785
1174 801
1180 789
1185 794
1185 787
1172 792
1174 780
1181 780
1174 770
1167 766
1167 762
1174 762
1180 767
1186 768
1184 775
1141 827
1136 833
1130 829
1135 821
1130 816
1125 823
1122 829
1113 824
1106 821
1103 825
1112 815
1117 815
1122 812
1111 809
1098 821
1103 817
1098 815
1103 813
1074 816
1065 817
1066 826
1072 827
1059 830
1058 822
1055 833
1053 837
1051 849
1060 852
1060 843
1068 841
1066 834
1087 834
1095 837
1089 872
1089 866
1093 869
1084 865
1081 871
1085 877
1075 860
1080 857
1082 851
1088 856
1073 870
1076 866
1077 849
984 894
978 894
979 887
972 888
973 879
978 878
983 876
988 882
985 887
973 873
962 881
962 874
967 874
966 881
955 886
953 877
958 869
960 862
953 863
948 885
945 877
940 876
943 869
948 862
951 857
948 851
941 856
940 861
935 867
948 846
939 846
934 853
933 847
933 840
927 844
921 847
926 850
946 831
940 833
942 827
919 823
914 819
910 823
906 813
913 810
915 806
915 800
921 803
921 797
925 811
924 817
858 929
864 928
865 924
857 924
853 925
852 922
859 918
864 913
867 917
871 911
868 909
871 904
863 902
859 906
856 910
850 917
849 912
849 904
855 899
848 899
837 890
831 894
827 895
826 884
833 885
833 882
828 880
820 882
736 912
732 915
737 919
731 908
728 912
731 904
736 905
731 900
723 906
723 901
723 895
726 893
728 889
721 890
723 885
716 884
715 896
710 892
703 898
700 907
704 930
707 929
709 935
715 931
715 925
711 925
714 919
721 919
718 914
715 909
712 914
705 915
707 920
698 900
707 902
633 886
630 892
638 887
636 881
636 877
632 876
635 872
631 881
627 873
628 887
625 883
594 905
594 896
589 902
584 902
585 897
587 893
590 886
598 889
603 892
606 888
601 885
595 878
602 876
602 872
596 869
589 873
593 875
588 880
446 937
447 931
450 930
450 922
445 921
443 916
445 911
450 911
455 911
450 918
454 916
443 908
438 906
437 911
440 910
439 916
436 926
441 925
300 884
302 882
303 878
296 882
298 880
296 876
298 874
294 873
296 869
302 871
281 914
281 917
276 920
277 916
272 916
279 910
283 910
280 906
284 907
285 904
290 903
284 899
277 899
275 910
275 907
274 902
272 904
263 909
266 906
262 905
265 901
260 901
263 899
534 834
539 831
533 827
528 821
532 820
529 816
537 846
532 844
539 841
612 829
621 827
617 825
621 835
612 835
694 864
691 869
689 857
694 853