1512 681
1508 674
1513 670
1510 666
1518 666
1516 660
1524 663
1528 657
1520 653
1519 645
1524 645
1528 649
1526 636
1512 639
1515 632
1513 651
1509 618
1501 617
1498 608
1511 610
1512 602
1520 604
1516 595
1509 601
1501 602
1498 596
1493 589
1499 585
1504 579
1505 592
1510 583
1512 588
1520 587
1527 591
1468 693
1471 698
1472 687
1467 682
1458 678
1459 687
1465 677
1448 653
1455 654
1451 678
1449 672
1445 679
1440 684
1447 692
1442 695
1442 700
1436 698
1435 690
1427 694
1433 684
1425 679
1431 675
1434 671
1439 676
1441 670
1420 677
1417 685
1413 683
1393 652
1395 645
1399 641
1397 634
1390 639
1389 628
1378 627
1383 636
1378 639
1377 633
1381 645
1386 653
1387 645
1379 652
1384 658
1377 655
1375 661
1350 727
1338 723
1347 717
1350 712
1354 720
1360 714
1357 706
1367 709
1366 705
1358 698
1352 701
1348 700
1357 691
1329 652
1325 649
1326 644
1315 650
1315 643
1325 661
1330 660
1329 655
1224 686
1221 679
1229 682
1227 675
1217 667
1214 674
1210 683
1204 672
1202 666
1207 664
1204 651
1212 657
1195 657
1191 716
1187 707
1188 701
1193 694
1193 708
1186 717
1187 725
1182 729
1172 717
1178 712
1181 714
1166 711
1172 708
1163 704
1168 699
1174 691
1159 695
1166 688
1158 711
1160 717
1155 726
1155 733
1162 729
1162 731
1170 727
1158 689
1160 740
1167 734
971 839
964 836
971 831
976 834
982 836
979 828
973 829
971 824
979 824
981 818
975 820
974 816
967 816
972 812
976 810
970 804
976 801
969 799
965 797
958 801
957 806
961 806
965 808
960 813
963 820
966 827
964 825
959 825
960 831
953 832
948 834
942 828
943 823
943 814
952 823
947 826
943 837
950 816
954 814
946 796
939 796
943 793
946 788
942 780
956 773
949 770
956 769
955 765
956 761
946 762
950 758
943 768
942 764
938 759
938 775
936 783
790 786
783 781
783 788
775 790
783 799
767 793
759 795
756 803
751 797
745 792
752 792
747 786
754 785
758 790
764 789
766 783
759 782
764 777
763 770
771 773
767 765
775 766
778 771
764 759
759 755
767 753
755 748
750 746
747 748
749 755
748 760
754 759
758 765
755 773
750 767
746 772
748 777
746 781
760 743
749 740
745 736
747 800
752 805
672 834
666 837
675 835
666 827
672 822
654 808
651 811
647 817
653 818
657 809
648 804
643 808
642 811
634 804
631 806
626 800
622 802
619 805
624 807
621 810
630 812
624 817
622 817
632 819
636 815
639 816
635 823
640 828
631 827
627 823
621 825
628 828
631 835
635 834
640 833
648 832
647 826
652 829
643 838
631 841
634 851
639 847
640 858
644 855
648 852
645 847
627 837
563 870
564 876
557 876
558 871
552 874
553 869
560 865
566 863
549 868
543 875
548 877
549 883
556 881
559 886
565 883
556 895
552 892
545 889
526 862
528 857
522 855
517 857
512 855
516 850
522 848
512 847
514 845
514 840
520 840
524 836
515 835
510 835
505 831
509 829
515 828
522 830
520 825
525 824
524 818
519 820
514 817
511 821
502 821
505 817
508 813
516 814
527 848
528 843
521 845
522 866
417 875
420 881
419 885
423 886
426 878
426 871
420 867
425 862
422 861
425 858
424 853
421 846
424 844
420 841
418 858
413 851
410 857
409 862
414 864
405 864
405 869
410 866
414 868
410 874
410 878
404 872
414 858
406 847
397 846
404 836
408 835
417 822
402 821
401 816
405 812
406 804
403 801
401 807