1412 673
1416 675
1418 670
1412 666
1404 672
1400 665
1406 666
1405 661
1398 658
1391 661
1392 666
1396 662
1393 651
1404 652
1406 655
1410 653
1413 654
1412 659
1417 653
1416 647
1413 641
1408 642
1404 645
1397 653
1305 689
1311 685
1309 676
1316 680
1321 684
1324 675
1320 670
1329 673
1328 668
1322 664
1318 664
1311 668
1304 671
1301 675
1302 682
1296 687
1293 676
1300 666
1304 662
1299 655
1289 650
1291 661
1289 665
1314 661
1308 655
1313 653
1318 658
1316 648
1324 658
1324 650
1324 642
1319 636
1320 626
1311 632
1313 627
1311 623
1305 629
1302 638
1296 637
1304 647
1295 643
1315 640
1250 639
1245 637
1249 629
1256 629
1260 622
1254 617
1243 617
1243 612
1239 609
1234 608
1230 617
1233 620
1241 629
1238 638
1237 645
1234 649
1235 655
1231 659
1227 654
1226 648
1216 646
1220 641
1220 655
1224 660
1230 640
1224 632
1231 632
1223 627
1223 620
1215 622
1214 634
1210 625
1205 623
1209 613
1217 605
1222 613
1227 606
1229 598
1234 594
1221 593
1224 583
1225 577
1210 599
1136 725
1138 719
1131 719
1133 713
1125 724
1124 718
1122 709
1126 704
1133 706
1131 697
1134 693
1127 690
1138 701
1122 696
1121 691
1130 677
1141 681
1142 671
1136 665
1131 660
1125 668
1125 656
1115 655
1115 647
1113 640
1120 640
1124 642
1113 681
1116 688
1115 694
1110 699
1115 704
1116 707
1110 705
1103 708
1106 718
1097 708
1095 714
1092 704
1097 696
1089 701
1086 697
1081 697
1090 690
1087 688
1093 684
1089 678
1101 682
1105 679
1096 673
1088 668
1082 674
1076 679
1077 687
1068 686
1066 690
1065 697
1072 697
1068 702
1077 704
1074 709
1078 712
1083 707
1085 713
1079 722
1072 723
1067 727
1083 728
1080 736
1088 733
1086 740
1086 746
1087 750
1080 753
1078 749
1077 746
1081 746
1081 749
1090 761
1079 764
1074 760
1068 755
1072 752
1065 747
1071 739
1064 739
1067 736
1057 726
1065 720
1069 712
1061 714
1062 706
1054 717
1053 703
1056 700
1051 710
1066 732
1060 735
1059 743
1056 750
1063 754
1063 761
1066 769
1061 771
1066 774
1068 781
1062 781
1066 789
1066 795
1068 802
1059 800
1056 790
1054 780
1053 774
1046 781
1047 773
1044 769
1047 764
1053 769
1055 760
1055 756
1048 756
1049 748
1050 741
1047 740
1053 737
1048 736
1045 733
1044 725
1038 738
1032 737
1037 748
1022 739
1020 748
1015 750
1019 756
1011 744
1012 741
1008 740
1011 730
1004 726
1016 721
1026 724
1023 716
1019 715
1024 711
1013 712
1007 717
1012 718
1001 720
1001 709
1009 709
1008 701
1015 707
1022 706
1019 703
1014 693
1011 689
1005 694
1027 650
1025 641
1019 638
1017 641
1012 644
1007 648
1008 655
1014 658
1020 652
1026 659
1014 664
995 715
993 721
988 717
988 725
981 722
981 732
993 734
994 729
1000 737
999 748
993 752
1000 755
1007 762
1013 763
1040 762
1040 752
1033 767
1037 773
999 769
992 776
993 767
993 761
984 803
990 798
984 795
977 798
979 793
983 785
988 781
992 790
994 786
984 771
983 766
983 757
984 752
982 742
982 737
973 747
977 759
976 771
979 779
969 769
1099 691
956 780
960 768
944 773
926 771
927 777
931 785
917 783
919 779
918 769
917 763
910 760
910 770
906 775
895 768
900 761
918 794
924 793
910 793
902 793
854 733
848 727
853 724
857 726
842 717
840 707
837 725
829 728
835 734
844 734
842 742
830 738
844 803
845 809
839 810
836 816
842 816
832 816
833 811
828 826
848 817
845 821
828 921
835 919
834 925
841 921
839 913
844 917
842 908
834 908
833 913
826 915
828 909
823 909
823 903
832 901
827 897
837 896
837 889
843 888
842 894
842 899
842 881
835 882
841 873
833 869
836 865
827 868
828 873
820 870
821 863
809 863
813 873
814 879
821 877
815 886
819 895
817 899
818 905
812 894
807 894
808 888
803 884
807 880
803 876
806 873
790 869
783 869
776 867
785 879
787 891
794 887
797 899
789 900
792 907
793 914
798 914
804 914
803 905
797 921
790 923
789 929
787 935
779 938
778 933
770 937
772 927
780 927
774 922
779 918
778 909
787 912
778 902
783 906
780 895
771 905
771 897
772 912
775 898
769 893
775 885
769 882
770 873
764 878
759 886
765 889
758 892
759 895
751 895
755 890
751 905
759 902
756 898
759 879
736 851
738 842
729 848
727 842
722 837
730 836
736 831
739 837
736 827
729 826
730 821
756 824
749 817
745 813
744 807
752 812
756 804
760 815
762 820
763 806
767 810
769 804
764 800
760 791
757 794
752 787
747 788
714 783
719 779
705 786
704 794
709 790
708 793
707 802
712 804
716 797
721 806
723 802
720 792
716 790
722 785
800 712
792 714
787 716
788 710
793 707
797 702
786 707
789 701
790 697
793 692
789 685
798 694
784 680
786 674
792 671
794 675
699 835
703 838
700 847
687 843
692 827
670 812
661 825
659 833
664 832
654 902
653 895
650 891
653 886
656 880
647 883
643 890
642 899
638 893
636 887
640 884
641 879
644 873
652 876
654 870
656 872
657 866
660 867
658 860
653 859
648 857
649 866
643 866
644 859
640 854
635 854
636 849
631 855
629 858
637 861
636 872
633 866
625 865
629 869
628 876
630 878
632 881
636 879
631 873
627 894
626 888
619 892
584 922
577 920
578 919
580 916
588 916
588 907
579 909
583 903
580 899
577 903
572 904
574 908
575 914
571 915
571 910
573 932
572 926
569 922
566 927
561 930
567 933
564 935
558 940
555 944
552 948
555 952
549 942
546 937
552 938
546 943
554 934
552 929
556 928
554 931
551 925
549 922
541 929
542 925
534 932
535 925
528 925
529 919
532 919
536 917
534 913
539 912
543 916
540 918
542 922
547 919
548 917
553 914
558 920
563 920
566 915
566 910
563 905
555 909
556 901
559 899
566 896
570 899
558 893
562 889
567 889
562 886
563 881
569 880
563 872
572 874
576 878
565 868
558 876
554 867
561 866
550 865
544 867
550 872
553 878
556 882
556 873
555 888
551 888
546 887
544 879
536 874
531 881
533 870
538 866
541 885
537 882
542 890
536 891
532 886
529 892
530 899
534 905
542 904
544 896
541 895
549 908
551 895
529 935
525 932
521 936
524 926
526 888
525 880
522 887
524 895
520 898
518 891
538 844
539 838
543 848
535 850
538 854
541 857
533 856
530 852
524 851
525 848
531 846
528 841
532 837
526 836
521 839
522 843
518 838
519 834
521 832
525 828
529 826
536 823
528 821
523 822
516 828
515 820
512 823
511 816
510 809
513 808
516 812
517 804
523 806
526 811
520 816
525 800
520 797
513 797
511 802
503 811
499 806
824 889
829 884
821 884
825 879
831 893
797 878
529 872
526 868
530 865
536 861