1511 506
1508 510
1517 512
1515 526
1515 537
1510 535
1505 527
1508 521
1504 515
1498 523
1494 520
1491 521
1492 529
1488 529
1493 537
1485 538
1489 541
1487 551
1481 545
1479 543
1480 539
1497 551
1498 544
1501 538
1497 529
1507 531
1506 539
1507 463
1507 457
1509 453
1509 448
1507 443
1503 447
1505 444
1498 444
1500 442
1500 440
1495 439
1495 434
1492 439
1489 446
1486 445
1487 439
1483 438
1487 433
1498 450
1502 456
1491 459
1487 454
1481 451
1478 455
1484 458
1482 461
1403 444
1396 450
1397 445
1393 441
1399 437
1403 452
1404 458
1399 458
1403 462
1414 456
1415 461
1407 462
1411 467
1411 475
1411 482
1417 477
1418 483
1419 493
1426 496
1423 486
1421 500
1417 503
1411 505
1413 497
1413 490
1409 501
1406 497
1405 487
1402 481
1404 474
1404 469
1398 471
1398 464
1395 478
1390 478
1386 484
1389 488
1392 490
1397 483
1401 491
1386 498
1386 502
1390 506
1400 502
1405 507
1407 510
1411 514
1399 497
1411 522
1401 525
1405 537
1401 542
1399 538
1394 542
1390 542
1391 551
1397 549
1402 551
1398 678
1399 671
1408 675
1404 683
1404 666
1399 658
1394 665
1387 662
1391 657
1383 656
1381 648
1388 651
1395 651
1401 652
1408 652
1412 646
1405 643
1409 639
1409 642
1413 638
1417 633
1409 631
1403 635
1398 644
1398 636
1392 640
1387 642
1381 637
1389 635
1384 633
1378 631
1376 641
1372 634
1370 627
1375 625
1380 624
1382 622
1390 626
1396 629
1396 618
1403 623
1403 618
1410 624
1420 622
1423 614
1418 613
1410 617
1410 612
1413 606
1420 604
1418 599
1425 601
1428 595
1419 593
1414 593
1409 599
1407 589
1415 586
1420 583
1428 589
1411 578
1414 575
1419 575
1421 572
1417 572
1408 573
1404 581
1305 570
1300 574
1299 568
1294 573
1292 568
1302 561
1306 563
1305 557
1300 553
1295 558
1297 548
1306 549
1302 541
1303 535
1307 542
1291 551
1296 542
1299 533
1300 525
1294 528
1311 535
1305 529
1312 526
1309 524
1308 516
1318 510
1311 507
1305 509
1301 505
1301 499
1312 499
1309 491
1320 500
1318 489
1320 495
1313 477
1324 476
1326 463
1317 466
1307 461
1307 474
1307 482
1303 486
1298 482
1298 475
1292 477
1286 472
1280 479
1285 480
1285 486
1290 482
1280 485
1293 490
1300 490
1292 500
1277 553
1278 544
1275 533
1276 528
1267 534
1270 538
1268 544
1261 540
1276 561
1274 558
1266 558
1269 552
1261 547
1280 492
1277 487
627 965
626 959
622 964
619 961
618 958
621 955
624 953
626 948
622 950
616 952
610 953
612 958
615 962
617 963
611 948
611 944
616 945
618 942
619 940
621 942
622 931
617 935
613 938
615 934
609 936
604 943
599 951
604 962
603 968
597 960
599 956
593 948
596 946
589 947
590 942
593 944
593 940
594 942
596 939
598 940
591 935
587 938
602 936
605 938
605 930
610 929
616 926
614 921
610 922
620 924
619 918
616 917
608 919
604 921
603 927
599 927
600 922
600 915
596 920
604 910
606 914
611 912
610 909
604 901
596 903
596 896
603 895
601 890
605 892
606 887
601 885
604 881
595 890
597 883
599 875
601 872
597 870
598 867
601 868
593 869
592 872
586 892
583 886
582 881
588 880
588 885
579 889
577 883
574 888
509 907
509 898
503 895
506 890
508 885
515 888
521 893
524 891
522 896
505 920
500 916
491 890
494 890
497 887
492 886
489 883
492 880
489 875
486 889
485 884
482 877
480 882
475 882
477 888
480 892
483 896
481 899
485 896
486 899
475 900
475 893
474 891
473 886
469 890
470 897
471 903
473 904
479 907
482 909
477 913
474 911
471 915
465 912
468 907
469 909
468 904
462 907
464 902
458 901
460 896
463 898
463 893
455 895
456 890
460 886
457 878
462 872
466 883
465 877
468 874
466 869
472 877
457 871
449 881
449 854
452 850
446 848
442 848
435 880
434 875
438 883
430 882
428 878
424 881
425 886
421 871
424 873
430 871
432 866
423 867
417 867
417 860
419 862
426 862
421 854
413 853
409 848
410 843
414 848
419 846
421 850
426 846
428 854
431 854
433 849
432 845
403 851
398 853
399 847
401 845
399 841
394 860
399 864
399 860
403 865
403 856
406 856
407 866
408 861
402 875
402 878
401 886
396 882
396 878
390 876
390 880
391 887
393 885
388 890
384 884
382 888
385 891
404 840
413 840
408 833
412 832
411 826
405 830
438 813
441 809
445 811
442 800
448 798
442 794
434 786
430 796
435 797
433 805
432 810
423 809
422 793
422 786
416 797
418 801
415 805
427 804
425 801
419 812
417 808