869 838
871 836
875 831
874 826
876 825
878 831
880 825
868 831
864 829
864 826
867 823
868 820
870 823
873 821
870 817
858 822
864 819
865 817
862 813
859 814
869 808
871 814
874 814
874 815
879 814
879 816
886 811
883 820
885 817
888 806
889 798
879 801
877 798
882 798
879 791
872 789
869 785
864 789
862 793
859 796
871 802
876 804
879 786
880 780
885 790
886 785
884 777
880 772
877 773
874 780
873 781
867 779
862 781
864 776
867 773
871 771
863 809
857 804
855 799
869 747
874 744
876 738
873 732
869 738
868 729
864 731
864 740
863 747
858 753
853 745
857 741
857 732
851 732
853 736
848 739
848 749
843 753
839 755
842 761
842 744
794 772
797 768
794 765
791 768
787 771
781 771
775 770
780 768
773 765
777 762
783 759
785 762
790 758
789 751
795 750
798 749
790 745
783 747
786 740
793 737
793 740
795 736
785 749
787 742
799 736
783 735
782 732
778 732
777 744
779 749
779 753
780 756
774 756
774 749
768 750
771 743
767 745
764 745
766 740
766 733
771 738
771 734
715 767
708 767
702 767
702 755
697 760
707 758
708 756
711 751
702 749
696 747
709 742
701 741
698 733
694 730
688 725
694 721
699 717
702 724
698 711
691 715
687 721
684 727
706 732
707 736
708 728
685 708
687 711
681 716
677 713
678 705
673 704
671 721
664 717
662 709
674 726
658 716
654 719
653 706
647 714
641 713
640 720
646 724
653 725
658 723
655 729
663 727
660 734
667 732
671 729
666 739
661 742
660 748
667 745
671 747
664 753
667 756
671 755
661 759
656 765
663 768
657 773
652 769
668 763
657 783
653 780
650 781
652 788
656 786
659 790
664 790
663 784
654 794
653 799
654 803
645 801
647 796
648 797
643 789
647 789
646 786
638 800
636 801
638 807
644 808
646 811
640 814
649 804
653 809
640 795
590 834
591 829
595 825
590 822
594 817
586 828
585 825
581 829
579 826
580 820
583 815
586 820
587 812
591 813
592 804
598 813
601 809
608 808
613 804
599 797
596 797
559 820
551 816
555 811
559 805
563 811
563 801
572 804
573 794
581 796
587 793
587 799
585 807
582 810
577 813
578 809
598 789
592 786
581 784
588 780
594 772
596 779
603 780
601 784
602 774
607 773
604 767
600 767
594 762
591 767
599 756
601 759
586 762
583 756
585 748
591 753
591 746
598 747
606 747
605 741
602 737
605 733
608 741
602 727
598 733
591 737
589 732
594 726
587 725
582 736
578 732
586 741
579 743
570 739
555 799
557 797
555 796
559 796
548 810
552 806
548 802
543 801
543 807
541 797
548 792
550 787
544 781
539 786
537 779
532 781
526 783
529 785
536 791
527 792
524 795
520 797
522 800
529 800
535 799
537 806
530 806
524 805
521 809
518 812
523 817
524 818
521 823
527 814
533 815
529 821
534 828
525 827
532 825
538 834
547 828
537 825
539 829
544 833
412 761
415 767
421 782
420 790
420 794
416 791
409 792
414 787
396 806
400 804
394 800
396 798
399 811
405 808
388 811
386 816
385 819
389 824
391 821
395 825
398 822
397 817
403 817
405 824
407 812
413 825
422 826
425 830
423 833
429 835
427 838
417 838
415 834
413 831
420 828
420 833
422 838
417 841
414 845
411 844
414 841
412 839
408 841
409 837
405 837
406 834
409 834
403 832
405 829
400 830