1904 514
1912 507
1912 502
1903 501
1900 505
1900 499
1894 495
1892 491
1889 494
1886 498
1870 506
1866 504
1864 507
1867 513
1873 512
1876 516
1873 520
1868 519
1872 555
1866 559
1861 561
1863 567
1868 568
1872 571
1869 574
1864 580
1861 586
1865 590
1869 584
1872 590
1875 578
1870 578
1883 570
1886 572
1877 563
1875 563
1882 559
1878 553
1883 551
1871 549
1875 549
1858 596
1861 601
1864 602
1870 595
1878 596
1879 589
1882 576
1828 527
1820 528
1820 520
1827 518
1825 511
1819 512
1821 507
1818 506
1828 509
1812 519
1809 513
1807 513
1809 508
1746 477
1753 475
1754 484
1747 486
1733 475
1736 469
1753 464
1748 459
1756 458
1751 448
1756 450
1761 467
1759 477
1756 478
1732 573
1736 567
1743 571
1721 583
1724 571
1727 567
1730 562
1726 556
1730 551
1722 553
1725 546
1731 541
1716 552
1716 546
1709 548
1707 540
1716 575
1715 561
1706 568
1710 576
1682 556
1678 549
1685 549
1682 543
1693 544
1689 537
1681 537
1690 530
1696 539
1660 531
1653 527
1657 526
1653 521
1652 515
1648 520
1651 524
1645 524
1648 531
1642 530
1642 527
1638 526
1637 536
1643 542
1641 540
1646 536
1650 539
1654 533
1657 540
1656 546
1651 545
1655 553
1651 550
1641 548
1637 548
1641 555
1648 557
1645 563
1640 577
1632 577
1631 569
1637 572
1641 569
1635 566
1636 560
1620 572
1614 568
1611 576
1611 582
1618 583
1618 577
1616 591
1620 596
1618 601
1608 594
1624 590
1626 590
1623 587
1624 580
1625 576
1624 565
1619 563
1625 558
1625 553
1612 552
1603 556
1604 564
1602 568
1607 567
1606 572
1607 577
1607 585
1625 571
1626 611
1626 619
1614 615
1616 610
1610 601
1604 597
1600 594
1595 607
1600 611
1606 619
1608 626
1614 634
1615 629
1617 621
1622 624
1629 631
1632 625
1633 615
1626 638
1621 632
1618 645
1623 644
1620 653
1616 653
1627 651
1629 656
1628 659
1633 657
1632 648
1637 643
1632 642
1580 659
1571 659
1562 655
1570 652
1569 645
1579 650
1579 642
1574 637
1565 633
1557 640
1550 640
1552 634
1548 628
1555 624
1566 620
1557 615
1517 633
1511 643
1516 646
1506 649
1500 651
1501 641
1507 637
1507 633
1496 635
1488 632
1490 639
1491 644
1493 652
1487 654
1484 650
1477 651
1470 653
1474 658
1472 662
1473 670
1479 668
1470 647
1478 645
1473 640
1470 634
1479 629
1482 636
1484 641
1311 665
1317 668
1327 667
1341 664
1340 654
1346 655
1350 660
1362 653
1365 644
1356 645
1391 652
1363 630
1372 625
1355 625
1368 613
1352 613
1360 613
1381 612
1377 619
853 697
840 686
838 682
840 700
831 699
825 694
826 697
827 692
836 693
837 708
831 711
825 707
826 717
827 723
833 725
834 717
838 715
840 721
839 758
831 753
836 746
831 763
825 755
825 750
827 771
826 777
830 776
833 771
787 818
792 814
792 819
790 809
795 810
793 806
786 803
793 800
798 801
800 805
803 796
802 791
809 790
807 785
803 787
806 791
803 781
799 779
801 778
798 776
797 781
792 779
790 782
796 783
794 788
796 791
793 795
787 796
786 799
787 791
788 789
779 791
780 795
774 788
770 780
771 777
769 771
773 770
763 772
762 768
763 767
762 763
759 767
761 773
766 771
768 777
777 786
778 777
785 784
629 801
635 801
635 807
638 805
629 806
628 809
627 811
631 815
628 815
632 812
635 816
605 789
598 787
598 792
603 795
608 795
612 800
612 803
608 810
604 813
600 818
595 821
589 819
594 815
593 810
590 811
594 801
597 800
602 801
569 810
563 812
563 807
560 810
575 812
573 817
565 822
561 820
559 829
563 829
567 827
554 834
555 822
547 822
541 816
540 855
535 851
531 851
527 844
523 846
525 842
523 838
527 835
520 833
523 831
520 825
514 825
514 837
517 842
512 843
512 846
510 848
518 848
522 850
531 843
461 932
461 937
452 930
454 928
451 926
462 924
457 922
458 919
449 916
450 921
445 924
439 924
435 922
438 918
442 916
446 911
449 910
452 907
453 911
456 914
456 915
396 870
391 866
393 861
396 864
396 859
397 855
392 855
403 858
402 855
401 847
395 851
397 845
394 846
405 847
404 841
407 841
409 838
406 834
414 833
411 829
406 826
412 825
409 820
412 819
405 819
399 818
401 813
399 811
404 812
398 823
400 825
399 829
395 827
394 821
394 816
397 808
360 817
357 814
356 813
360 821
357 819
355 818
354 825
358 827
360 823
363 829
364 822
364 817
361 813
316 833
315 829
321 829
322 832
322 835
326 832
320 824
315 825
309 827
311 830
312 820
315 819
312 816
307 815
308 812
303 807
305 808
300 811
296 817
295 808
297 806
300 804
302 825
298 826
302 819
308 832
305 830
288 842
286 846
295 841
292 836
285 838
290 850
296 852
291 855
300 849
304 853
306 857
312 855
303 863
296 863
298 867
301 869
291 881
289 883
284 885
280 887
284 890
289 893
293 891
296 894
300 891
298 887
293 885
297 882
294 879
291 875
286 877
287 871
290 870
282 869
282 875
279 878
254 889
253 886
253 883
256 884
258 882
258 880
254 880
255 874
258 875
260 868
260 866
266 869
254 864
253 860
257 860
251 869
248 863
245 866
246 870
248 874
249 880
251 877
171 884
174 878
173 875
174 872
175 867
178 875
180 875
181 878
171 870
169 866
166 861
163 858
166 870
163 874
160 876
158 868
151 867
152 864
157 863
150 861
150 856
152 860
154 856