1249 756
1246 750
1249 748
1255 761
1252 762
1259 766
1253 765
1170 763
1175 755
1177 748
1173 745
1169 751
1167 741
1171 734
1174 737
1171 728
1165 727
1166 719
1155 717
1164 711
1153 706
1149 713
1145 702
1137 708
1151 699
1131 706
1129 712
1136 716
1131 721
1131 729
1137 725
1136 732
1132 733
1144 728
1143 719
1150 720
1153 726
1153 734
1143 737
1146 734
1156 743
1161 735
1159 724
1159 748
1162 747
1167 759
1162 761
1162 759
1154 751
1178 742
1125 839
1124 834
1121 832
1115 838
1131 833
1127 832
1128 829
1120 825
1117 829
1111 830
1106 828
1112 825
1114 822
1108 817
1105 823
1115 816
1124 819
1129 818
1131 812
1124 811
1117 810
1111 810
1104 808
1101 816
1104 798
1113 802
1121 803
1130 806
1137 798
1127 794
1120 795
1111 793
1121 786
1111 786
1106 781
1099 785
1104 788
1101 793
1082 720
1075 715
1080 712
1076 709
1083 708
1089 711
1088 718
1084 724
1094 721
1094 728
1097 715
1081 693
1079 686
1070 690
1069 681
1071 676
1074 683
1065 673
1059 679
1063 686
1062 693
1054 695
1054 686
1046 692
1037 688
1043 684
1046 682
1033 671
1031 666
1023 670
1022 664
1014 664
1013 671
1009 676
1013 683
1018 677
1022 682
1026 678
1021 689
1026 688
1031 698
1021 701
1028 705
1005 711
1004 702
998 708
993 713
988 706
994 700
987 698
992 692
1000 695
1000 688
1010 695
1008 689
1005 680
985 689
985 680
991 684
994 678
989 674
1001 671
1001 664
1009 662
1008 669
994 665
997 682
853 743
851 747
845 750
845 744
839 745
847 737
840 738
842 729
834 730
839 723
847 722
841 718
836 720
831 725
829 719
823 724
823 730
828 730
828 736
833 739
837 708
851 813
849 810
844 813
848 820
841 824
840 818
847 829
842 835
847 842
852 835
855 830
835 830
831 833
833 822
828 826
823 828
823 824
826 820
831 816
834 812
841 805
827 810
822 815
818 821
816 828
815 833
820 838
825 834
828 841
821 845
813 844
809 836
807 832
806 827
808 822
812 825
815 816
810 811
813 807
821 806
820 811
813 800
820 800
825 803
787 731
783 729
777 733
782 733
780 740
787 740
786 736
782 745
774 743
777 748
778 755
786 750
792 747
794 740
798 738
793 754
789 758
785 758
779 764
773 757
770 764
774 768
778 774
783 770
788 763
788 772
794 761
792 777
786 782
780 779
782 785
790 789
792 784
784 790
781 831
785 829
780 827
774 833
775 829
769 828
769 826
765 829
768 820
762 824
755 826
757 819
747 827
749 820
746 812
753 811
749 815
743 807
747 804
740 809
742 813
739 813
739 816
741 821
744 817
735 823
731 821
732 816
738 830
731 830
735 834
737 837
745 836
753 835
758 832
759 834
763 836
769 838
747 846
742 841
750 841
752 849
756 848
747 853
750 860
741 861
743 857
735 856
739 851
733 849
731 853
728 859
720 857
723 862
719 861
720 865
723 868
727 865
730 865
730 868
737 866
734 870
709 809
707 803
708 795
700 802
699 796
691 799
694 808
686 804
684 810
681 818
690 815
698 814
706 814
701 819
696 823
692 822
687 823
686 827
684 830
691 829
700 829
697 836
705 823
706 831
690 836
689 842
696 843
696 847
707 838
681 857
669 861
672 867
660 868
661 860
653 861
656 854
654 870
650 866
647 862
645 866
647 873
641 870
639 864
642 862
682 888
677 880
677 888
677 896
671 897
670 890
664 892
665 885
656 890
654 883
647 884
644 891
648 890
647 898
654 899
659 897
661 901
667 900
656 904
659 907
666 906
671 907
676 902
675 909
668 911
661 912
656 912
655 915
656 920
658 916
662 919
670 917
675 915
675 924
667 926
663 930
661 925
656 925
659 930
670 935
664 935
673 932
676 932
673 939
624 891
616 893
609 895
608 887
611 881
606 881
609 877
612 874
603 885
599 882
597 890
601 897
604 901
600 905
605 908
608 905
608 899
622 897
629 894
635 890
597 875
577 865
574 862
578 860
580 855
573 856
569 856
574 850
580 848
577 845
576 840
572 836
568 841
571 846
566 851
564 846
561 841
565 836
563 831
546 914
549 903
556 912
541 906
539 917
534 921
535 927
529 925
528 931
522 932
524 924
521 921
524 916
530 919
534 914
528 912
531 906
528 901
524 895
518 901
524 908
519 913
514 916
517 921
511 913
513 909
514 903
517 896
521 887
526 890
517 889
517 884
520 881
516 879
510 879
510 886
512 890
505 888
504 881
506 893
509 898
509 905
504 907
505 912
501 914
498 904
496 899
503 900
501 896
492 901
490 894
486 897
489 887
485 888
482 893
490 891
477 889
479 886
479 898
474 896
484 902
476 902
479 908
484 909
490 908
488 914
483 916
480 912
474 908
477 918
484 924
477 923
472 921
480 928
483 931
484 941
486 950
481 950
484 957
481 960
480 963
487 968
489 962
475 963
472 960
470 954
465 953
466 958
466 966
468 970
471 975
464 975
463 969
458 973
457 968
461 963
461 958
456 961
456 956
457 949
463 945
459 942
456 947
453 945
448 945
445 950
449 953
451 952
451 958
454 965
422 923
415 922
411 919