1473 653
1467 649
1462 649
1462 645
1456 649
1457 655
1452 657
1458 663
1464 662
1448 660
1448 652
1440 654
1436 658
1441 661
1443 667
1446 667
1444 673
1434 673
1429 672
1433 666
1439 679
1441 686
1445 684
1450 681
1453 683
1457 684
1456 676
1449 687
1444 693
1451 696
1453 699
1449 703
1457 693
1455 669
1465 654
1470 661
1469 664
1467 659
1462 666
1460 669
1433 614
1435 606
1439 605
1429 608
1421 607
1425 602
1425 612
1420 617
1414 621
1410 624
1403 616
1411 615
1407 611
1415 607
1428 619
1423 621
1418 625
1440 612
1367 642
1359 641
1353 640
1341 644
1346 640
1345 635
1354 633
1350 629
1358 625
1361 631
1364 635
1368 630
1368 626
1371 628
1363 623
1362 618
1365 616
1369 620
1369 610
1359 612
1356 619
1353 614
1352 607
1357 607
1355 602
1347 600
1346 605
1341 600
1338 605
1345 612
1346 617
1340 612
1351 623
1345 656
1341 661
1337 656
1284 602
1288 587
1285 593
1278 596
1276 586
1278 580
1269 583
1260 580
1251 578
1245 584
1238 583
1240 576
1238 593
1243 590
1244 597
1250 597
1250 591
1254 588
1254 600
1257 594
1260 590
1267 591
1264 598
1259 605
1253 605
1255 609
1252 614
1247 610
1243 606
1246 603
1243 616
1249 618
1258 614
1263 612
1270 604
1273 612
1279 604
1284 609
1284 621
1278 620
1279 615
1281 631
1277 635
1277 628
1287 631
1272 625
1264 619
1258 621
1262 627
1259 633
1255 638
1247 636
1251 632
1250 625
1255 625
1253 622
1230 581
1230 589
1240 643
1239 651
1232 650
1227 642
1241 677
1245 675
1241 667
1247 667
1243 661
1234 687
1232 693
1226 686
1225 679
1234 679
1235 673
1225 674
1224 668
1231 663
1231 658
1236 665
1237 658
1220 654
1224 648
1214 661
1214 652
1207 660
1163 598
1157 597
1160 608
1167 607
1174 602
1177 610
1172 613
1169 622
1153 610
1155 620
1160 616
1162 617
1176 618
1182 614
1188 610
1193 615
1187 617
1188 623
1180 623
1174 626
1174 631
1179 634
1183 632
1185 640
1175 642
1169 635
1164 626
1159 624
1164 612
1180 644
1174 649
1181 651
1187 647
1188 653
1188 660
1186 664
1181 659
1178 654
1174 662
1178 668
1180 671
1174 688
1178 681
1179 691
1174 695
1174 699
1167 694
1163 688
1166 681
1159 675
1158 668
1151 669
1150 663
1144 668
1142 674
1153 678
1156 684
1159 691
1155 697
1163 698
1159 704
1166 703
1161 711
1164 712
1167 709
1171 706
1176 714
1174 719
1166 720
1170 715
1149 690
1145 688
1141 697
1140 705
1138 707
1130 704
1134 698
1136 692
1137 686
1144 681
1134 678
1130 683
1127 688
1123 681
1124 676
1127 672
1120 668
1122 663
1114 664
1109 670
1116 671
1116 676
1108 679
1118 685
1119 691
1111 686
1111 691
1111 697
1116 699
1113 705
1121 697
1125 695
1120 702
1118 709
1112 713
1107 719
1102 711
1107 707
1105 700
1100 700
1104 694
1097 695
1101 691
1105 688
1104 683
1098 686
1096 704
1093 696
1101 671
1097 675
1096 666
1117 721
1111 724
1115 731
1108 732
1108 728
1102 726
1103 731
946 729
947 720
956 735
950 741
952 747
944 743
946 753
950 758
945 767
942 757
937 749
937 741
942 731
946 736
946 739
950 736
911 716
908 705
905 700
902 694
896 699
899 721
904 732
905 736
897 732
893 727
889 730
901 714
904 713
898 706
840 715
845 708
838 703
831 704
850 716
842 726
829 717
823 706
819 697
824 692
826 726
835 728
744 684
738 683
740 693
745 694
740 702
733 697
731 708
728 713
737 715
732 721
738 724
732 726
734 734
725 726
727 736
732 741
730 749
725 745
733 779
730 786
731 793
726 791
725 782
722 775
717 776
719 771
713 773
707 776
711 777
711 786
705 782
715 793
720 790
718 784
715 788
723 797
726 801
718 804
718 811
711 810
711 804
716 800
709 798
728 797
678 812
683 812
679 817
674 816
672 809
676 805
685 801
665 804
667 800
664 794
658 797
658 804
652 801
650 796
651 790
657 791
662 784
665 778
670 782
671 785
670 776
659 776
663 770
652 778
648 774
643 777
644 770
652 767
654 762
650 756
643 754
644 758
642 763
637 762
638 756
640 770
657 780
622 781
618 785
606 783
600 778
609 777
597 772
608 769
605 762
601 765
617 763
612 756
621 753
606 755
598 752
596 759
603 742
609 743
619 747
591 743
592 752
586 810
580 809
581 800
583 804
587 805
588 799
591 807
593 802
583 793
594 788
573 805
575 799
566 798
574 792
571 765
568 754
565 757
561 763
557 758
562 754
561 746
558 744
551 742
543 744
550 751
541 749
536 748
536 743
543 740
546 765
544 769
554 771
558 772
543 777
549 781
555 780
540 814
529 816
528 823
533 830
538 830
520 824
515 820
514 814
520 812
521 808
523 816
524 820
524 809
519 801
515 803
508 802
509 807
508 819
505 813
512 824
514 829
515 835
505 836
507 825
502 822
495 822
497 818
513 786
514 771
517 766
518 775
501 784
509 791
486 818
488 823
480 821
474 821
476 818
469 826
465 821
468 817
467 808
461 818
463 825
462 829
456 825
1362 604
1377 610