1718 472
1719 467
1713 470
1714 465
1726 466
1721 461
1651 445
1654 451
1647 451
1645 447
1641 452
1639 458
1639 461
1609 467
1614 466
1602 470
1600 461
1605 477
1610 479
1611 472
1619 478
1615 483
1619 487
1620 472
1613 493
1610 492
1607 486
1603 483
1599 488
1599 492
1605 492
1608 497
1602 498
1597 499
1594 496
1594 489
1603 521
1597 524
1589 525
1586 521
1592 521
1594 529
1602 531
1608 528
1610 538
1602 543
1595 536
1595 542
1597 547
1593 551
1596 554
1600 554
1605 551
1609 549
1610 557
1614 552
1614 561
1619 556
1625 552
1615 546
1619 547
1609 543
1605 562
1598 559
1486 590
1491 587
1487 580
1481 576
1480 567
1480 584
1480 593
1476 588
1470 582
1472 576
1465 583
1460 584
1453 588
1453 580
1460 578
1474 563
1524 563
1530 562
1534 554
1532 550
1533 547
1541 550
1543 548
1538 558
1538 555
1527 558
1399 615
1393 614
1388 612
1394 619
1388 620
1381 620
1374 610
1383 606
1380 599
1372 603
1378 606
1375 600
1371 598
1371 589
1366 593
1372 583
1380 586
1387 588
1389 596
1387 600
1389 605
1253 660
1251 650
1257 647
1261 653
1245 662
1240 666
1242 659
1245 652
1241 647
1227 655
1227 639
1233 648
1234 645
1120 720
1123 718
1126 720
1111 716
1117 713
1119 708
1110 707
1103 712
1105 716
1100 716
1096 715
1111 659
1119 657
1116 653
1055 667
1055 674
1058 661
1051 661
1045 653
1047 648
1058 651
1054 656
1057 642
1050 639
1039 647
1035 642
1033 649
1037 660
1042 667
1046 678
1035 674
1024 675
1020 668
1025 659
1066 845
1074 841
1074 844
1082 835
1076 831
1077 821
1067 827
1060 836
1071 835
1067 835
1057 824
1065 820
1064 812
1056 814
1059 807
1054 802
1049 800
1054 796
1041 805
1047 808
1048 815
1044 819
1047 820
1035 815
1040 813
1032 822
1038 825
1048 825
1055 831
1044 832
980 730
987 728
990 723
985 720
992 717
990 709
985 711
979 706
979 715
974 709
973 718
977 725
970 730
968 721
967 712
967 705
969 697
975 702
980 697
984 697
993 695
998 683
989 683
1000 673
990 673
990 666
999 665
994 660
981 662
984 670
980 668
971 662
978 657
971 673
977 675
984 674
980 684
983 689
976 689
971 693
967 687
972 680
967 679
963 673
959 671
941 763
932 757
928 751
929 746
935 749
943 752
942 745
934 743
930 738
939 739
941 734
945 737
951 738
935 733
928 729
932 723
925 720
924 713
930 709
932 717
937 713
937 718
943 721
950 731
955 730
952 723
956 716
834 732
827 731
827 725
834 726
837 720
829 719
829 709
817 745
823 746
812 750
812 743
801 742
808 734
816 735
819 728
808 726
799 733
796 737
790 736
791 730
803 712
800 703
798 709
743 732
751 729
748 724
744 724
737 727
736 720
736 712
734 703
730 713
729 706
726 702
721 706
723 711
723 718
725 725
718 723
717 715
711 722
714 725
710 716
713 711
711 705
716 696
708 692
701 696
703 704
705 712
696 712
703 717
703 723
745 716
730 722
730 730
722 767
723 761
714 771
712 764
705 759
711 755
700 754
701 747
687 749
683 754
677 753
679 743
670 756
677 761
685 760
693 760
686 765
682 766
679 769
684 770
679 776
684 777
679 782
706 772
702 766
698 772
691 812
681 813
687 802
689 797
686 795
682 793
694 798
696 805
679 803
676 799
675 806
671 812
670 817
673 825
678 827
668 829
673 833
669 838
666 840
667 846
675 847
677 840
679 838
678 845
660 843
662 834
646 839
650 834
640 837
643 832
647 828
652 821
648 815
645 821
641 825
636 832
653 808
646 801
644 810
640 817
634 826
631 821
625 822
633 816
635 809
637 803
624 813
630 806
622 805
625 797
633 793
636 786
643 790
633 780
644 795
474 805
471 801
473 799
472 793
474 789
428 827
440 818
440 813
447 810
445 804
441 803
409 843
400 846
401 839
409 834
409 838
404 832
406 824
408 821
399 822
402 816
405 818
406 815
412 813
418 811
425 804
415 802
410 802
403 802
402 808
418 818
417 824
416 831
424 822
426 896
421 897
424 901
425 904
420 891
422 886
425 889
363 819
358 818
353 820
353 811
358 809
362 810
366 811
358 806
353 806
348 804
348 800
351 798
332 805
330 798
332 797
337 800
339 797
337 791
329 792
328 795
325 791
327 789
329 789
331 788
327 785