1494 509
1491 516
1498 517
1501 509
1499 505
1505 511
1506 519
1508 525
1516 523
1520 516
1517 511
1512 507
1515 504
745 883
748 888
754 881
756 877
750 873
741 878
743 871
748 868
752 864
748 863
755 856
758 856
762 849
754 849
748 852
748 845
741 848
738 844
731 846
735 850
730 853
727 855
738 861
734 867
741 866
743 862
746 859
744 857
745 842
745 838
747 835
750 841
753 841
750 829
735 876
745 807
751 804
753 797
751 792
746 797
739 794
740 800
735 790
731 793
732 801
739 806
738 809
735 812
729 805
724 800
729 797
720 800
719 805
714 804
721 813
715 813
727 814
731 812
674 820
677 825
673 829
666 828
661 827
654 824
657 817
663 815
667 816
664 819
669 807
663 804
666 799
668 803
662 792
656 795
655 801
659 806
658 811
653 805
649 801
650 794
648 791
652 786
648 809
652 813
652 821
641 793
645 798
638 797
593 813
590 820
595 820
582 809
586 803
587 810
596 805
591 800
587 797
589 794
584 780
582 774
578 778
568 780
576 771
572 765
570 761
567 772
561 771
557 769
553 766
555 776
554 779
546 773
545 766
539 764
532 768
527 767
526 774
525 776
532 778
539 774
542 772
540 777
544 781
547 784
550 788
554 784
544 789
541 787
539 783
537 792
544 796
549 794
554 794
555 791
549 801
543 802
549 807
557 804
553 814
556 817
554 824
560 822
545 825
548 820
542 817
543 813
539 810
540 826
535 825
543 832
550 836
551 841
553 843
543 842
540 846
539 851
536 854
538 858
528 859
523 856
523 850
529 851
531 845
534 841
531 839
534 835
538 838
543 836
526 845
499 793
497 798
491 790
486 786
493 780
500 784
484 780
475 778
473 774
469 776
471 781
472 788
462 781
460 789
469 795
475 798
477 792
479 789
487 798
479 798
473 804
481 805
489 808
493 804
484 812
477 811
481 816
483 821
489 817
492 823
496 822
494 817
479 829
485 834
487 828
493 833
491 829
490 837
481 840
476 843
475 834
469 840
490 846
488 854
492 855
490 860
486 864
486 871
490 867
490 873
486 879
481 876
474 879
480 869
475 870
470 874
469 870
472 865
476 865
476 861
476 877
481 857
477 851
458 857
453 865
444 862
448 857
452 852
445 848
443 855
436 853
439 847
443 838
445 834
440 830
442 825
433 824
433 831
429 838
426 831
435 843
428 844
431 851
424 850
422 846
417 851
416 854
414 851
412 857
416 862
422 858
416 866
422 866
426 861
427 867
431 873
435 858
436 864
438 869
442 872
422 838
420 842
417 845
410 867
412 870
418 871