1880 375
1882 380
1885 374
1874 378
1881 386
1885 390
1888 386
1880 392
1883 395
1883 399
1877 399
1880 406
1877 404
1873 405
1870 406
1867 401
1871 400
1870 394
1869 385
1873 385
1884 460
1889 456
1891 453
1885 448
1883 454
1881 457
1877 461
1877 452
1881 449
1880 444
1881 440
1875 436
1873 441
1867 433
1869 428
1849 488
1843 485
1846 490
1841 490
1838 489
1834 489
1836 484
1832 487
1839 474
1845 479
1846 472
1841 469
1835 465
1839 459
1832 458
1840 454
1835 449
1823 448
1820 453
1818 457
1816 461
1825 461
1825 455
1790 487
1798 485
1795 481
1793 484
1786 481
1785 489
1781 484
1780 492
1776 486
1772 491
1772 481
1774 477
1779 480
1781 476
1781 467
1775 464
1770 469
1765 462
1762 462
1765 474
1761 472
1762 478
1763 485
1767 483
1766 491
1768 495
1763 498
1761 495
1756 489
1751 490
1751 497
1716 516
1723 516
1721 511
1727 509
1728 514
1731 512
1734 506
1733 502
1725 497
1728 499
1726 493
1721 492
1722 484
1716 482
1710 479
1705 486
1710 491
1711 493
1714 495
1716 500
1718 502
1713 507
1710 506
1710 520
1705 501
1704 504
1699 507
1704 511
1702 514
1705 516
1698 500
1701 497
1599 560
1595 551
1583 568
1586 558
1585 550
1588 544
1590 547
1582 541
1571 542
1565 541
1567 551
1572 558
1572 552
1563 557
1557 558
1557 553
1409 586
1409 579
1410 572
1404 572
1402 565
1403 558
1412 564
1409 560
1417 558
1410 552
1414 550
1409 544
1399 552
1393 555
1393 563
1387 562
1390 573
1392 581
1389 586
1400 580
1399 589
1395 593
1402 595
1445 587
1440 581
1440 575
1456 581
1456 572
1459 563
1456 558
1453 549
1447 552
1460 552
1438 753
1446 746
1447 738
1439 735
1445 728
1431 746
1429 735
1433 729
1430 721
1435 718
1429 715
1422 711
1413 713
1417 718
1421 722
1417 729
1422 735
1413 736
1408 739
1404 732
1402 740
1407 725
1401 724
1408 718
1413 723
1416 709
1419 742
1359 641
1350 641
1354 633
1342 637
1347 632
1352 627
1343 623
1344 617
1338 617
1350 619
1357 623
1363 627
1367 625
1366 618
1358 615
1351 610
1339 609
1347 610
1347 602
1341 598
1345 593
1340 591
1334 591
1334 583
1328 583
1344 583
1351 578
1344 572
1354 572
1360 577
1361 582
1352 585
1358 591
1352 598
1361 599
1361 605
1369 603
1371 609
1377 603
1379 600
1370 597
1367 591
1376 590
1377 578
1368 579
1367 574
1368 696
1361 691
1356 695
1356 686
1363 687
1374 692
1370 687
1348 680
1358 674
1356 670
1347 669
1329 689
1326 689
1332 684
1338 686
1335 679
1328 669
1324 675
1324 661
1319 661
1316 675
1315 665
1306 680
1299 674
1302 671
1300 667
1309 670
1306 663
1300 656
1303 651
1307 655
1313 648
1313 640
1309 638
1316 633
1299 630
1288 628
1282 632
1287 640
1292 635
1300 637
1294 640
1301 644
1291 647
1297 650
1292 656
1295 662
1289 665
1291 671
1183 655
1177 660
1173 660
1173 652
1177 647
1188 646
1181 641
1178 635
1186 637
1170 624
1165 618
1167 608
1171 613
1166 600
1174 601
1178 606
1176 613
1177 621
1178 626
1153 684
1158 681
1145 683
1145 676
1148 671
1158 674
1164 676
1164 669
1160 666
1162 659
1156 665
1152 662
1152 656
1149 651
1143 657
1146 663
1141 665
1136 669
1135 663
1130 663
1125 670
1121 671
1125 676
1126 658
1135 656
1133 649
1126 643
1122 645
1122 638
1131 635
1141 636
1140 643
1142 650
1081 673
1074 667
1069 671
1063 667
1069 663
1079 659
1071 656
1078 652
1074 645
1058 661
1063 658
1058 653
1063 649
1058 646
1066 637
1058 636
1052 641
1048 632
1040 634
1043 639
1046 647
1050 650
1046 657
1041 660
1039 653
1033 663
1029 660
1032 653
1033 649
1039 642
1033 640
1032 633
1025 651
1038 629
1041 714
1036 705
1030 700
1028 709
1030 715
1025 715
1031 726
1027 728
1031 732
1019 726
1015 718
1015 722
1022 715
1020 709
1022 699
1021 689
1009 690
1005 689
1004 683
1012 680
996 677
992 682
996 693
1002 697
1007 699
1011 706
1007 704
1002 706
994 700
991 709
988 712
989 718
993 715
990 724
995 722
1002 722
1012 742
1016 752
1018 760
1006 763
999 755
1006 750
1001 747
1002 741
997 745
997 741
995 751
1000 780
1006 780
1004 776
994 786
988 783
992 778
988 770
979 776
977 770
988 791
989 800
995 795
981 802
982 797
971 797
975 794
982 789
975 786
969 788
973 783
961 798
964 793
957 797
955 790
962 786
958 780
967 780
957 775
959 768
971 767
972 758
963 761
968 757
965 751
973 750
970 744
970 738
967 743
965 734
969 730
961 730
963 742
958 742
954 740
953 733
947 738
944 744
950 745
944 751
940 759
948 757
949 764
944 765
956 757
950 774
953 770
948 769
945 772
687 783
689 789
684 793
686 799
674 786
676 770
685 811
670 810
663 817
658 813
659 806
660 799
659 791
652 795
648 790
651 788
646 797
642 798
639 805
645 807
652 806
652 798
634 802
636 800
633 798
630 802
635 808
638 812
644 812
643 785
638 786
641 781
640 816
646 818
646 825
643 828
641 832
635 827
640 882
639 868
636 775
632 770
627 775
623 780
630 786
633 780
630 762
629 751
611 790
608 786
605 798
604 793
602 804
599 807
605 809
602 812
592 809
594 811
594 804
596 798
597 795
594 792
591 798
575 808
573 812
574 800
576 799
576 802
567 799
568 794
562 801
556 797
559 797
557 792
557 789
553 790
559 784
543 784
542 788
549 785
543 778
538 780
536 785
534 781
534 775
528 778
531 775
532 770
526 794
519 789
524 800
527 809
532 806
528 815
518 812
515 814
522 816
520 807
523 806
518 799
514 800
516 797
511 798
516 795
510 806
506 806
508 801
505 812
500 808
499 814
504 819
510 816
512 812
516 807
486 803
481 801
485 797
475 801
478 806
480 810
482 808
482 813
484 811
484 816
487 814
487 810
490 810
490 808
470 812
472 806
476 810
475 814
480 819
483 819
489 818
491 815
484 821
464 809
466 804
469 801
465 788
470 783
471 790
1556 543
984 720
995 730
999 728
1005 717
938 746