1467 528
1458 524
1462 520
1469 514
1465 511
1455 514
1451 518
1450 511
1453 509
1446 520
1442 521
1446 529
1451 526
1445 535
1450 534
1452 536
1457 531
1458 540
1463 534
1456 546
1448 541
1443 542
1445 550
1449 547
1449 551
1456 551
1453 556
1461 555
1457 563
1451 563
1455 568
1458 568
1447 569
1446 560
1445 560
1442 557
1435 590
1439 587
1428 589
1429 582
1425 586
1427 578
1423 580
1423 572
1428 570
1434 570
1434 576
1441 580
1440 572
1440 567
1435 563
1417 577
1417 570
1423 564
1417 563
1413 571
1410 575
1406 583
1401 579
1406 570
1409 564
1405 563
1412 557
1416 555
1412 550
1405 551
1418 547
1414 543
1408 544
1405 557
1373 578
1370 574
1363 577
1361 573
1368 568
1369 560
1364 553
1358 560
1359 565
1359 551
1358 545
1354 545
1349 545
1349 551
1344 541
1343 547
1348 537
1350 557
1350 564
1353 571
1340 566
1346 562
1342 558
1335 559
1338 554
1330 554
1337 546
1333 567
1334 576
1327 567
1327 560
1338 610
1331 602
1328 617
1335 618
1325 612
1320 610
1318 620
1316 606
1316 601
1310 599
1309 610
1306 605
1300 612
1298 616
1295 611
1295 603
1299 595
1304 596
1305 590
1318 595
1313 592
1331 610
1332 661
1334 658
1328 650
1323 651
1323 644
1317 647
1318 641
1321 663
1326 659
1311 655
1306 656
1306 648
1299 648
1298 658
1302 665
1300 638
1299 634
1291 632
1284 633
1280 630
1276 635
1274 643
1279 641
1289 643
1296 642
1277 651
1284 647
1273 657
1284 655
1283 662
1275 664
1282 667
1282 676
1290 671
1290 679
1293 684
1292 692
1297 695
1288 699
1292 699
1279 697
1275 691
1275 697
1275 702
1285 704
1294 702
1290 706
1281 710
1302 685
1304 681
1296 677
1284 687
1276 681
1292 656
992 692
974 680
971 675
960 670
956 672
960 667
956 677
944 688
947 688
955 687
954 701
963 716
960 719
962 730
968 726
950 729
944 728
940 733
941 740
948 736
927 748
927 741
921 752
914 759
912 749
918 745
918 739
923 734
922 732
932 733
931 725
937 728
945 718
938 711
942 709
949 704
931 700
925 699
915 701
913 706
920 708
924 707
930 707
933 714
928 717
922 725
915 721
910 717
915 713
919 715
908 723
900 723
906 733
916 730
915 733
909 730
878 708
872 702
875 698
881 698
886 706
868 700
872 708
872 712
878 715
876 720
873 728
865 723
863 733
856 735
854 726
851 721
843 723
845 716
857 715
857 711
859 705
862 708
854 704
857 701
897 816
891 811
888 809
890 804
894 806
888 800
893 798
841 741
848 741
842 753
842 756
839 735
841 729
843 728
847 732
807 726
801 726
798 727
799 721
794 725
790 720
789 716
790 711
783 717
772 715
769 712
766 718
761 713
756 717
759 708
756 710
752 713
753 705
761 702
758 697
773 704
755 690
752 693
760 686
739 729
734 722
729 726
733 732
728 734
726 732
724 737
736 739
726 742
721 742
720 746
729 748
721 752
719 757
723 762
726 758
748 737
681 740
677 743
673 742
670 745
668 738
671 732
674 733
677 730
680 734
680 730
669 729
663 732
633 779
631 773
637 773
638 774
638 768
634 766
630 765
627 771
631 752
636 750
640 753
648 741
648 739
655 742
639 726
636 723
632 727
631 717
632 713
645 717
647 714
645 713
640 708
641 707
643 706
638 703
634 701
638 695
628 701
625 699
626 693
629 686
614 773
610 775
609 769
611 765
616 769
598 769
590 769
587 765
580 762
577 770
582 774
585 775
590 780
595 777
588 789
592 798
584 804
581 799
605 804
602 801
603 792
606 789
613 795
599 785
596 811
598 816
601 826
600 823
606 818
606 823
591 820
587 825
307 784
1429 1041
1425 1046
1423 1041
1419 1045
1421 1048
1415 1044
1412 1040
1418 1037
1422 1036
1425 1034
1429 1030
1427 1025
1424 1024
1424 1029
1420 1028
1418 1030
1413 1026
1416 1022
1419 1020
1415 1019
1413 1035
1406 1028
1403 1029
1409 1026
1401 1033
1403 1037
1407 1040
1402 1043
1407 1048
1411 1048
1410 1053
1403 1052
1400 1049
1397 1054
1400 1055
1396 1059
1392 1057
1390 1051
1386 1052
1384 1049
1386 1059
1391 1064
1384 1066
1388 1071
1385 1076
1378 1078
1371 1077
1369 1073
1375 1072
1381 1071
1376 1066
1371 1066
1374 1062
1379 1058
1377 1056
1381 1054
1293 666
1272 648
1267 648
1265 654
1261 650
1262 647
1266 661
1268 666
1299 586
924 688
921 684