1518 588
1514 581
1517 575
1509 587
1504 581
1507 576
1502 573
1498 579
1490 579
1486 582
1484 573
1494 571
1501 584
1505 589
1500 592
1495 591
1491 587
1486 593
1481 590
1484 602
1491 602
1494 596
1499 598
1500 602
1503 598
1507 595
1513 594
1519 594
1510 603
1504 606
1495 607
1490 610
1487 613
1489 617
1495 619
1496 614
1503 612
1510 611
1501 618
1508 616
1510 622
1514 617
1502 625
1498 625
1490 626
1493 631
1500 633
1502 628
1508 630
1507 636
1503 638
1499 644
1495 640
1496 638
1498 654
1501 663
1493 660
1489 666
1487 670
1485 675
1487 683
1492 683
1492 674
1495 667
1497 672
1496 678
1500 675
1504 678
1502 683
1500 689
1494 687
1480 649
1474 652
1475 642
1467 641
1465 647
1465 655
1471 669
1465 669
1466 663
1470 678
1462 679
1454 684
1451 678
1447 682
1459 674
1460 670
1454 667
1459 661
1453 662
1451 658
1456 656
1444 660
1441 655
1447 650
1436 659
1439 663
1447 665
1440 667
1444 671
1438 671
1446 674
1443 676
1455 648
1459 643
1454 638
1448 643
1441 641
1441 646
1436 646
1432 641
1428 648
1436 654
1428 660
1433 667
1429 672
1438 678
1431 685
1439 693
1432 699
1441 700
1434 689
1440 686
1438 683
1446 697
1452 691
1422 667
1420 672
1399 689
1395 693
1393 688
1397 685
1273 662
1278 667
1285 664
1285 660
1282 657
1284 669
1275 673
1271 670
1230 676
1232 683
1239 683
1236 676
1221 686
1227 704
1234 699
1236 705
1243 698
1247 696
1236 690
1240 703
1238 709
1243 713
1241 717
1248 708
1256 706
1263 703
1263 710
1268 717
1261 720
1255 723
1263 726
1273 721
1271 729
1279 725
1274 714
1281 709
1287 718
1283 724
1287 728
1290 726
1291 722
1291 731
1283 734
1278 731
1281 739
1275 744
1271 739
1247 724
1249 726
1249 731
1215 703
1222 710
1210 709
1215 713
1210 717
1205 715
1203 718
1211 726
1219 721
1180 700
1173 701
1167 704
1161 702
1064 723
1061 731
1055 735
1049 729
1057 725
1055 718
1062 716
1063 711
1068 715
1067 703
1071 695
1068 687
1063 695
1056 702
1047 708
1051 705
1046 716
1045 774
1051 782
1051 788
1045 789
1044 783
1040 778
1036 772
1029 771
1027 780
1034 781
1035 788
1040 790
1037 795
1041 799
1045 795
1033 804
1040 804
1031 810
1024 810
1026 803
1021 804
1017 806
1018 799
1021 793
1024 796
1030 798
1028 791
1022 783
1022 774
1017 775
981 805
973 807
978 817
974 815
967 812
969 818
971 827
962 808
956 806
948 809
950 805
945 800
947 793
956 793
958 801
963 796
953 788
960 785
964 779
968 777
968 782
958 769
957 776
948 780
940 783
945 786
943 775
946 772
948 767
950 761
940 759
943 764
937 765
931 763
934 758
938 772
937 778
895 741
893 736
904 740
908 747
909 753
903 756
896 757
891 752
889 759
889 768
895 763
898 771
903 766
905 774
901 779
901 775
895 780
888 781
884 774
894 776
872 803
868 801
861 801
862 797
867 806
872 809
868 815
866 812
861 810
854 806
855 797
848 798
847 807
847 816
854 813
859 819
855 825
840 825
833 744
824 746
819 741
810 746
822 754
816 755
830 753
836 755
836 751
842 748
845 757
848 752
838 759
836 763
842 765
850 765
839 769
833 769
827 763
825 771
819 764
817 768
815 773
823 774
831 776
825 781
817 780
813 809
806 813
808 813
783 830
791 828
791 823
791 836
797 836
783 835
780 840
772 839
775 834
772 827
780 824
769 820
762 818
766 815
765 824
761 828
767 833
766 841
760 838
761 846
766 849
765 852
773 851
765 798
758 797
763 790
745 787
748 780
744 776
762 773
764 777
752 804
757 808
749 812
710 847
711 844
701 849
704 844
694 853
690 852
691 847
697 842
699 835
697 819
705 823
704 826
694 791
695 785
684 784
683 780
681 777
687 777
679 799
679 792
686 802
592 798
581 787
573 783
578 796
580 804
573 805
570 799
567 808
568 818
577 812
582 816
586 809
584 827
576 830
576 824
570 827
565 825
562 821
559 816
561 809
552 811
561 829
566 836
571 832
564 842
558 846
555 839
560 835
556 828
553 823
548 818
427 874
434 870
439 871
433 874
438 876
442 877
445 878
447 883
443 886
438 882
433 880
433 885
429 883
427 880
426 883
426 887
429 890
432 889
422 890
425 893
420 895
426 899
428 896
432 895
437 891
438 888
446 890
440 894
442 898
442 905
435 905
437 900
431 901
429 906
432 907
1122 740
1115 746
1110 748
1109 738
1110 727
1117 729