1916 489
1918 481
1909 473
1917 468
1918 461
1915 459
1912 488
1884 533
1883 521
1887 523
1891 517
1887 512
1893 512
1891 506
1880 509
1875 519
1885 503
1883 496
1890 499
1882 492
1875 496
1877 500
1873 508
1867 507
1870 501
1870 498
1873 490
1877 488
1873 486
1867 487
1866 494
1862 503
1861 495
1860 489
1853 491
1810 535
1808 529
1816 538
1818 531
1818 527
1823 524
1823 519
1816 519
1815 513
1822 512
1819 507
1822 501
1806 521
1813 525
1797 517
1802 513
1792 511
1809 507
1805 504
1798 506
1796 503
1789 494
1791 488
1796 490
1791 480
1784 481
1784 488
1785 472
1776 476
1773 466
1779 470
1747 579
1739 578
1739 573
1744 572
1752 584
1715 591
1716 584
1721 582
1726 575
1729 581
1719 576
1719 571
1724 570
1715 570
1708 568
1711 576
1707 578
1710 581
1709 588
1703 585
1698 590
1703 593
1703 601
1707 599
1710 596
1699 607
1694 605
1692 599
1649 619
1645 615
1647 612
1653 615
1639 642
1644 636
1641 634
1635 638
1630 638
1634 631
1630 626
1637 625
1633 621
1637 618
1626 613
1629 611
1633 611
1640 610
1642 607
1638 605
1635 600
1630 593
1641 594
1623 604
1630 603
1625 599
1528 638
1522 639
1521 631
1516 628
1522 625
1529 626
1532 632
1534 623
1538 627
1536 620
1538 617
1540 612
1532 616
1527 613
1526 620
1522 616
1514 618
1518 613
1512 608
1518 604
1514 597
1522 598
1526 604
1532 607
1537 609
1531 597
1533 592
1528 590
1522 590
1504 617
1499 612
1495 607
1502 604
1489 601
1499 603
1498 580
1491 580
1497 573
1492 564
1490 571
1499 567
1488 608
1454 621
1457 617
1455 615
1456 607
1461 613
1450 611
1451 616
1451 621
1444 621
1444 612
1446 607
1450 602
1456 603
1455 595
1463 600
1464 610
1347 534
1342 539
1339 544
1335 536
1339 533
1287 618
1284 612
1279 614
1277 610
1285 603
1285 595
1276 590
1303 614
1298 610
1227 585
1226 579
1223 588
1217 588
1208 596
1213 599
1209 600
1305 666
1309 660
1300 657
1300 664
1295 664
1294 671
1301 670
1301 675
1289 666
1291 659
1288 672
1302 698
1300 691
1303 689
1295 688
1298 685
1228 676
1231 672
1226 666
1219 664
1214 669
1220 673
1216 680
1207 674
1209 681
1200 673
1196 676
1204 688
1205 683
1200 684
1197 689
1202 694
1210 698
1208 692
1192 700
1188 697
1190 689
1183 692
1180 684
1185 682
1185 687
1172 680
1170 684
1164 688
1170 693
1175 691
1174 698
1180 701
1165 699
1170 699
1159 692
1153 687
1159 685
1161 685
1163 678
1156 680
1150 681
1152 675
1159 674
1152 780
1147 781
1146 774
1146 770
1152 773
1149 767
1153 766
1160 774
1161 781
1164 779
1167 773
1166 765
1161 761
1155 761
1150 760
1153 755
1158 754
1164 757
1168 754
1171 759
1176 755
1174 765
1167 748
1163 751
1171 749
1178 737
1180 742
1063 701
1058 694
1053 689
1050 697
1052 702
1045 704
1043 713
1044 720
1051 719
1051 710
958 730
966 734
969 732
957 722
953 735
950 725
963 719
959 714
951 716
956 710
937 715
935 721
927 722
928 716
932 705
942 706
925 712
925 717
923 721
890 705
886 702
883 697
887 697
882 693
884 691
876 698
871 699
873 705
880 702
874 708
880 712
885 708
886 713
887 718
892 715
880 721
883 721
888 725
875 718
875 725
880 731
882 729
880 726
876 735
880 742
886 743
887 738
887 732
840 759
841 753
834 756
835 751
830 747
835 742
826 740
824 745
824 751
826 758
829 753
834 762
829 765
823 768
817 766
820 762
832 772
837 770
834 766
839 765
816 817
811 815
816 812
816 805
824 802
817 797
806 800
809 795
805 793
809 789
805 785
816 791
822 794
822 788
828 798
827 793
828 788
822 781
814 779
809 783
810 809
807 806
762 807
765 800
759 799
755 805
755 812
755 819
745 806
748 810
749 803
743 786
754 785
755 793
743 795
720 781
727 786
731 788
729 793
727 797
722 801
718 809
706 802
703 796
700 793
697 788
696 782
696 807
702 806
698 800
707 810
698 812
712 801
715 795
709 794
718 789
711 786
712 777
708 784
705 777
706 790
631 785
625 786
621 790
618 778
627 780
604 769
598 763
607 763
603 756
614 763
620 760
598 770
608 771
611 758
609 754
314 859
316 858
316 861
317 854
317 849
313 855
313 851
309 855
309 850
308 845
308 841
310 840
310 837
315 835
310 832
314 831
316 829
312 826
303 831
305 827
307 826
303 821
300 825
299 830
295 831
295 827
215 837
211 835
214 832
219 832
220 836
218 839
221 842
219 847
217 847
214 849
211 851
209 854
205 853
208 851
207 846
208 842
210 846
213 841
234 846
238 848
239 846
240 846
239 841
237 840
236 851
237 852
234 848
166 928
159 931
160 926
158 924
167 920
158 919
157 917
159 910
155 914
153 916
153 921
149 920
147 917
126 879
130 881
130 877
127 875
130 873
123 870
122 867
130 866
132 863
128 861
122 863
123 859
125 857
127 856
127 850
122 848
121 851
125 845
122 845
123 842
103 868
103 863
99 862
103 859
102 857
103 855
108 853
110 856
107 860
108 866
75 888
73 890
70 890
71 886
76 884
81 882
76 878
70 882
68 883
65 881
70 879
60 879
56 874
53 877
53 883
52 886
52 889
45 879
48 877
49 879
50 876