1538 467
1535 474
1526 471
1529 462
1528 453
1523 462
1518 458
1513 456
1512 463
1515 467
1518 483
1516 478
1523 477
1510 484
1501 482
1495 479
1492 476
1492 472
1499 469
1503 474
1510 473
1506 465
1507 457
1549 538
1540 544
1543 548
1545 553
1551 545
1559 546
1568 550
1564 565
1569 563
1554 555
1552 563
1555 572
1562 578
1563 584
1558 582
1551 578
1553 582
1523 575
1514 571
1509 568
1507 582
1505 577
1499 582
1497 589
1505 587
1505 591
1514 590
1516 584
1523 583
1529 585
1531 579
1510 598
1502 604
1493 608
1489 599
1495 595
1279 587
1281 580
1288 590
1288 600
1279 604
1278 593
1281 595
1270 590
1270 582
1276 575
1269 573
1277 568
1266 569
1260 580
1251 577
1244 586
1257 589
1264 597
1271 599
1264 604
1272 608
1277 613
1284 613
1281 619
1289 620
1282 625
1274 624
1276 619
1277 629
1272 635
1277 640
1271 643
1275 649
1266 649
1260 643
1265 638
1266 631
1262 627
1263 623
1262 616
1270 615
1270 625
1263 610
1257 607
1255 599
1248 595
1246 601
1238 595
1235 587
1227 594
1235 600
1240 605
1244 614
1255 614
1251 608
1257 623
1253 625
1258 636
1249 645
1248 650
1246 653
1273 719
1283 713
1276 709
1271 703
1270 698
1262 711
1267 717
1261 720
1265 725
1261 733
1266 734
1263 741
1269 739
1273 732
1270 729
1248 713
1248 716
1245 714
1240 717
1245 719
1250 718
1252 714
1244 706
1249 702
1239 709
1234 715
1234 712
1236 718
1228 716
1232 721
1233 722
1238 725
1234 729
1229 726
1226 724
1221 721
1224 714
1231 707
1237 702
1244 697
1252 700
1250 692
1262 678
1267 675
1270 679
1265 682
1262 685
1270 686
1274 685
1264 670
1261 674
1246 673
1251 678
1247 684
1240 687
1242 679
1237 693
1230 686
1235 682
1234 678
1238 668
1235 669
1227 671
1227 664
1216 661
1218 667
1211 668
1206 662
1203 668
1198 666
1195 675
1189 679
1196 688
1207 685
1206 679
1209 679
1206 672
1210 688
1210 693
1219 685
1220 680
1225 681
1228 677
1230 699
1219 617
1216 612
1212 621
1212 614
1208 625
1201 630
1201 636
1201 645
1206 646
1205 652
1201 658
1190 659
1195 653
1187 651
1193 643
1188 638
1194 636
1193 626
1185 626
1186 618
1177 621
1182 633
1134 682
1134 674
1140 678
1137 686
1135 688
1129 686
1127 688
1121 685
1127 681
1119 676
1112 676
1112 669
1117 669
1126 671
1126 663
1134 664
1134 656
1126 656
1129 649
1137 648
1140 646
1140 642
1134 639
1129 644
1130 635
1134 627
1139 630
1125 627
1126 617
1121 619
1118 624
1111 621
1113 617
1111 616
1112 628
1116 636
1120 642
1125 636
1114 646
1120 652
1116 658
1111 661
1111 652
1105 648
1106 657
1102 653
1101 644
1099 639
1108 640
1103 631
1098 630
1101 623
1097 619
1104 614
1103 673
1100 666
1097 660
1100 658
1093 671
1086 674
1086 665
1083 664
1108 683
1102 684
1097 693
1090 691
1084 683
1084 688
1086 697
1094 700
1093 708
1086 706
1078 699
1075 691
1076 683
1076 677
1072 673
1073 671
1069 668
1071 698
1067 692
1067 684
1075 706
1076 711
1069 716
1068 709
1063 712
1057 706
1061 699
1058 690
1061 686
1057 682
1053 687
1051 690
1047 692
1051 697
1055 695
1053 702
1052 711
1054 714
1059 722
1067 725
1061 729
1063 732
1052 734
1051 730
1045 732
1044 724
1051 719
1044 717
1044 711
1037 714
1040 698
1033 698
1031 689
1041 687
1079 780
1071 773
1081 772
1077 772
1070 765
1083 764
1089 766
1091 757
1083 757
1075 755
1076 761
1068 756
1075 747
1085 747
1096 745
1100 739
1033 771
1028 765
1036 762
1028 756
1022 759
1024 752
1034 753
1030 748
1038 747
1032 740
1041 739
1038 737
1034 733
1029 738
1025 741
1024 737
1022 746
1015 754
1014 747
1008 746
1010 740
1018 741
1017 732
1010 704
1013 700
1010 697
994 708
989 700
987 710
983 705
980 706
977 711
975 701
978 693
982 698
984 688
976 683
969 688
966 695
980 675
982 678
953 762
948 756
954 756
946 748
951 745
957 747
963 744
960 735
956 733
955 736
955 741
951 739
945 738
943 734
948 730
954 727
957 726
952 715
944 711
939 722
942 727
941 730
937 731
934 726
934 720
934 717
938 711
928 727
925 729
926 734
929 732
933 741
931 743
928 743
925 740
925 747
935 749
939 753
937 760
938 768
945 766
932 772
925 776
925 767
928 763
931 762
925 759
926 755
917 754
920 750
920 746
914 743
917 738
912 736
906 741
903 739
911 750
913 755
916 761
916 763
917 769
921 772
919 779
908 789
911 783
905 781
908 776
910 795
904 797
897 798
898 791
897 784
897 779
901 774
893 771
899 766
901 760
908 762
906 769
911 770
904 755
895 756
889 759
902 748
897 745
896 738
894 749
910 728
919 732
877 744
878 737
883 738
885 745
878 730
880 724
871 738
870 732
870 725
870 717
878 715
861 721
857 726
862 731
863 738
867 744
858 750
858 744
853 735
850 730
847 723
853 720
864 716
865 754
537 901
537 896
530 901
528 893
534 897
533 907
538 907
539 913
535 916
532 922
536 923
539 918
528 913
526 905
520 899
522 894
525 888
527 880
530 878
527 872
519 876
513 877
513 872
517 869
512 866
507 873
506 868
503 875
500 869
501 882
506 881
514 887
520 883
518 891
512 892
515 900
516 905
517 909
505 895
502 899
498 893
500 890
503 886
492 973
496 973
498 969
498 963
491 965
485 970
485 965
486 961
488 957
493 958
498 958
496 953
493 951
488 954
482 955
479 955
478 949
482 950
481 944
486 946
495 945
503 944
500 938
496 936
491 940
485 940
480 937
476 932
486 934
488 931
489 927
484 926
477 924
502 862
506 860
512 858
514 857
517 862
508 853
505 855
512 851
511 847
503 846
503 852
498 855
496 850
497 846
496 842
502 838
498 833
506 824
504 826
509 829
512 826
491 841
492 828
494 823
491 819
486 822
470 848
466 850
465 846
462 845
459 851
457 846
453 847
451 851
450 842
451 838
456 840
460 837
455 830
449 827
447 827
443 825
442 829
441 833
446 833
450 835
446 838
444 837
438 836
441 842
434 839
431 844
432 849
437 846
435 856
439 852
445 847
449 855
454 859
450 864
445 856
446 861
438 861
442 859
430 860
427 853
425 850
426 864
424 857
421 852
364 850