1911 491
1915 485
1916 493
1916 487
1918 483
1913 478
1909 474
1908 480
1903 490
1904 474
1901 463
1906 461
1906 456
1902 454
1896 462
1894 466
1887 464
1891 457
1891 452
1898 476
1891 477
1900 481
1863 489
1859 493
1854 495
1852 489
1857 487
1859 483
1856 480
1854 470
1852 483
1850 480
1849 486
1845 486
1841 488
1837 481
1840 476
1833 478
1834 492
1832 487
1829 492
1829 499
1837 498
1840 500
1843 494
1845 494
1826 504
1822 501
1818 508
1821 510
1811 510
1803 512
1803 515
1809 515
1814 497
1810 492
1817 489
1820 493
1812 483
1807 480
1802 478
1796 485
1696 556
1691 548
1683 554
1682 543
1670 552
1669 545
1676 544
1672 537
1666 536
1658 528
1656 539
1660 547
1549 580
1553 578
1559 574
1552 572
1546 573
1553 560
1558 561
1522 576
1525 568
1525 561
1528 560
1519 562
1517 556
1525 555
1529 549
1533 545
1527 540
1522 542
1517 550
1509 545
1507 552
1498 551
1494 549
1518 562
1514 568
1515 580
1502 578
1506 566
1507 573
1496 568
1500 561
1505 560
1492 561
1484 560
1485 564
1490 570
1480 572
1476 565
1478 558
1472 559
1471 569
1463 570
1455 570
1461 577
1467 576
1467 584
1473 578
1474 587
1480 583
1484 578
1493 579
1487 586
1493 592
1487 594
1480 592
1465 595
1466 590
1469 591
1472 595
1480 596
1484 601
1491 604
1494 597
1493 611
1489 616
1486 610
1477 606
1472 604
1466 604
1463 604
1469 611
1473 611
1480 613
1474 620
1484 620
1486 626
1479 627
1473 630
1470 625
1556 743
1562 738
1564 730
1565 733
1550 735
1555 725
1548 723
1548 711
1553 707
1546 705
1539 712
1536 707
1534 703
1526 706
1521 712
1529 714
1534 717
1521 723
1518 723
1520 730
1528 727
1531 732
1536 731
1534 723
1539 724
1554 719
1558 718
1560 734
1472 675
1466 677
1462 671
1458 673
1468 685
1474 688
1473 681
1481 679
1490 673
1495 681
1481 664
1473 661
1442 678
1442 674
1450 676
1449 681
1449 668
1442 664
1444 659
1450 659
1445 652
1439 650
1440 643
1444 646
1432 668
1424 661
1430 659
1426 655
1431 649
1425 643
1430 642
1429 637
1437 635
1433 634
1437 628
1432 626
1440 620
1442 613
1449 620
1426 624
1426 629
1420 627
1418 621
1424 615
1414 614
1410 620
1411 626
1416 634
1423 638
1417 644
1421 649
1419 650
1415 654
1418 657
1418 659
1418 666
1306 645
1301 640
1311 639
1305 634
1315 632
1316 640
1308 626
1300 626
1296 625
1297 632
1307 618
1314 613
1309 612
1315 608
1308 606
1311 600
1311 590
1305 585
1298 584
1299 593
1303 599
1293 600
1296 608
1300 610
1299 617
1294 617
1298 646
1290 644
1290 650
1292 653
1285 651
1287 659
1293 662
1285 667
1280 671
1273 669
1274 661
1280 663
1280 665
1277 657
1270 656
1270 649
1274 647
1281 647
1281 640
1276 634
1269 641
1267 635
1272 629
1277 626
1266 627
1264 621
1261 625
1258 632
1254 635
1255 641
1264 640
1263 646
1257 648
1263 653
1255 653
1247 656
1252 661
1206 650
1206 642
1198 646
1198 638
1191 651
1191 642
1193 641
1197 653
1188 634
1188 630
1196 631
1195 619
1199 627
1204 630
1204 634
1213 635
1209 629
1182 621
1178 612
1181 606
1172 617
1175 622
1169 625
1163 621
1163 613
1171 616
1166 630
1161 636
1155 632
1160 644
1167 643
1170 634
1175 639
1180 641
1180 633
1175 629
1164 690
1157 692
1160 699
1153 698
1142 700
1152 713
1160 709
1145 710
1146 718
1149 722
1155 722
1161 719
1162 724
1145 692
1150 681
1139 688
1138 694
1129 688
1126 684
1131 680
1139 675
1138 680
1148 673
1141 665
1133 667
1126 674
1118 673
1119 666
1116 682
1122 692
1113 694
1116 699
1121 698
1124 707
1131 703
1129 707
1121 713
1109 711
1110 704
1115 708
1130 692
1143 727
1148 729
1147 736
1134 736
1130 732
1129 734
1124 724
1151 744
1148 746
1141 748
1138 748
1130 751
1127 765
1122 754
1112 756
1113 751
1108 742
1104 750
1099 743
1102 735
1109 734
1099 727
1099 719
1104 712
1096 708
1093 713
1090 717
1084 720
1089 721
1093 725
1087 727
1078 725
1077 734
1073 741
1084 739
1090 740
1083 747
1077 750
1082 761
1078 755
1087 756
1092 757
1095 752
1092 765
1100 764
1107 764
1108 772
1106 779
1115 778
1116 769
1119 764
1121 774
1122 779
1114 786
1110 790
1112 793
1100 795
1095 785
1103 785
1106 783
1095 779
1095 773
1102 771
1088 772
1086 783
1082 777
791 760
789 766
788 772
773 768
775 752
779 750
763 757
760 748
754 762
760 774
761 783
761 793
772 795
785 797
790 793
788 784
758 800
759 803
746 805
747 809
741 814
734 818
737 803
742 797
735 797
732 791
735 786
740 788
742 782
746 790
746 791
753 791
754 779
748 781
747 773
750 770
741 776
740 771
730 780
735 779
726 784
768 802
767 811
753 807
754 811
733 810
728 853
725 860
731 860
732 865
689 757
698 758
713 763
717 758
705 774
709 775
706 782
704 787
696 783
692 785
693 775
690 773
689 781
687 791
684 787
680 781
674 780
695 792
660 781
656 782
644 782
640 777
639 770
635 771
640 768
638 763
624 759
617 766
614 762
607 760
614 752
615 759
600 781
603 775
592 773
588 784
596 784
609 790
604 792
608 799
616 794
611 803
589 797
583 797
581 794
584 788
578 789
578 780
573 782
568 782
572 775
575 774
554 785
561 786
561 780
551 778
539 788
530 787
531 794
528 796
533 782
505 824
507 814
502 810
493 804
488 810
484 804
486 800
489 817
490 820
480 822
485 824
487 827
487 829
492 826
494 826
520 803
525 803
522 796
517 790
514 795
529 742
524 744
522 742
526 739
529 761
531 764
528 773
524 769
522 772
534 769
270 803
269 803
271 798
269 797
1520 718
1129 738
1070 728
681 796
679 793
676 798