1525 613
1529 610
1524 603
1519 610
1516 602
1522 606
1512 600
1507 601
1511 609
1506 611
1503 605
1514 614
1522 618
1516 624
1512 620
1504 625
1506 618
1499 613
1498 623
1495 619
1493 611
1497 606
1509 628
1505 631
1500 629
1500 635
1523 627
1494 633
1494 641
1481 637
1487 633
1482 628
1481 624
1474 622
1475 628
1485 660
1480 653
1485 650
1476 648
1482 645
1471 642
1467 649
1470 662
1468 657
1469 655
1466 659
1463 654
1458 666
1460 661
1460 642
1462 633
1458 626
1450 632
1456 637
1454 643
1452 648
1449 650
1454 655
1449 656
1452 659
1445 662
1442 660
1444 654
1446 646
1442 645
1444 639
1444 627
1450 622
1451 615
1443 611
1443 618
1439 617
1435 613
1430 619
1436 624
1432 629
1426 625
1421 621
1424 612
1427 608
1419 611
1415 616
1413 609
1417 631
1423 632
1414 623
1416 638
1423 641
1430 636
1438 633
1437 639
1434 644
1437 652
1431 650
1426 657
1425 652
1420 646
1428 645
1429 662
1435 658
1438 664
1433 667
1428 674
1422 670
1420 664
1414 658
1410 663
1408 667
1404 658
1408 648
1402 643
1407 638
1413 646
1413 651
1408 654
1399 650
1395 647
1396 644
1402 633
1396 655
1391 655
1398 667
1396 662
1394 666
1392 673
1397 674
1395 680
1400 680
1404 675
1410 672
1409 678
1406 683
1439 601
1455 562
1457 555
1451 557
1444 553
1448 563
1443 566
1440 561
1433 561
1437 552
1431 552
1445 542
1354 611
1363 598
1359 593
1358 588
1347 590
1350 593
1343 595
1342 602
1337 599
1329 601
1328 588
1335 590
1333 583
1333 577
1340 579
1341 587
1345 584
1343 573
1348 579
1355 579
1350 585
1337 608
1346 602
1322 699
1318 700
1316 696
1321 693
1327 693
1324 689
1318 685
1311 705
1304 704
1306 697
1303 690
1307 711
1298 714
1298 708
1296 700
1293 696
1289 702
1296 688
1289 685
1287 677
1282 670
1276 674
1274 680
1280 679
1279 687
1282 689
1286 693
1281 697
1276 706
1271 708
1272 697
1277 692
1272 688
1268 694
1266 701
1261 708
1261 716
1255 713
1249 712
1255 705
1254 699
1259 701
1249 704
1251 719
1284 713
1282 708
1290 711
1202 544
1205 537
1208 547
1193 542
1195 535
1187 537
1182 541
1177 546
1186 547
1184 555
1192 554
1176 556
1176 566
1184 562
1194 565
1201 553
1204 561
1204 567
1204 572
1196 572
1188 574
1195 579
1202 582
1196 588
1189 592
1185 599
1194 598
1182 603
1177 609
1185 610
1169 614
1166 607
1167 599
1172 601
1177 596
1168 594
1175 590
1175 581
1181 587
1189 583
1182 578
1173 573
1187 737
1180 736
1175 736
1169 739
1170 746
1164 743
1178 741
1177 749
1183 743
1175 758
1168 759
1156 767
1158 759
1147 765
1150 759
1142 758
1155 751
1159 749
1151 744
1157 743
1153 739
1148 750
1139 749
1145 745
1136 742
1143 736
1136 736
1134 731
1137 728
1141 724
1150 731
1151 724
1157 734
1158 727
1164 731
1165 725
1165 717
1172 715
1171 710
1163 711
1165 704
1157 709
1152 717
1148 710
1151 703
1144 717
1137 759
1124 807
1116 807
1131 811
1124 814
1118 817
1130 820
1137 816
1131 826
1133 832
1138 829
1141 823
1119 828
1110 827
1116 823
1106 823
1099 824
1099 829
1107 834
1112 832
1117 837
1123 841
1115 844
1109 840
1098 839
1097 845
1089 843
1092 836
1096 853
1102 851
1110 849
1117 849
1121 850
1115 855
1109 860
1106 856
1098 860
1103 865
1111 868
1119 867
1115 874
1107 873
1105 878
1109 885
1115 885
1120 879
1123 875
1123 884
1121 863
1072 795
1066 800
1053 798
1054 805
1049 811
1043 803
1039 811
1044 816
1053 822
1057 814
1061 808
1067 816
1061 822
1067 825
1057 829
1062 833
1068 832
1063 838
1057 837
1052 840
1051 833
1044 829
1047 824
1041 823
1033 820
1029 813
1024 818
1028 824
1024 831
1032 829
1029 835
1038 837
1045 838
1046 844
1037 845
1032 847
1041 851
1044 853
1037 854
1040 856
1042 860
1042 866
1048 862
1049 856
1046 873
1053 876
1051 869
1059 867
1060 878
1062 872
1063 860
1056 858
1060 855
1054 851
1059 848
1061 844
1066 848
956 931
960 925
950 927
954 919
956 914
960 916
962 920
940 924
947 918
945 929
948 932
942 919
934 917
925 916
926 921
921 912
926 908
931 904
933 911
939 905
941 912
946 905
947 911
955 908
953 900
958 902
942 899
950 895
936 894
931 897
924 903
947 891
939 888
861 986
865 980
859 975
865 972
869 975
872 984
880 973
885 969
879 965
884 959
879 958
871 960
873 969
866 964
858 964
858 958
866 958
868 951
861 950
874 947
868 944
880 950
887 953
891 944
898 949
900 946
897 942
885 935
878 935
877 928
874 924
868 922
862 921
860 925
854 923
851 930
855 931
856 938
862 938
870 937
869 929
861 932
861 944
853 835
853 830
861 836
855 847
843 846
842 841
847 834
839 833
836 837
832 841
824 827
827 820
832 817
840 820
838 813
836 806
841 801
827 809
821 818
821 803
828 800
826 794
834 797
833 790
840 789
841 795
840 773
834 779
828 784
814 799
812 784
820 783
822 775
817 769
808 772
814 763
810 760
824 762
826 771
832 771
830 767
836 764
832 759
837 751
840 753
844 761
844 769
813 839
812 828
807 834
806 826
801 820
796 825
794 820
788 824
790 829
795 835
801 830
803 841
809 845
806 850
799 847
797 852
802 857
791 856
787 854
788 849
791 843
787 838
784 841
782 847
781 852
779 848
779 840
781 835
733 795
726 799
721 794
726 787
733 787
726 779
718 780
716 788
709 789
707 796
713 798
719 801
712 805
719 808
726 807
681 836
679 827
670 836
662 838
661 832
665 827
653 829
653 835
646 837
641 838
639 833
635 827
641 824
647 820
645 829
645 845
640 843
642 849
646 855
653 853
654 847
653 841
659 845
664 848
668 845
659 851
656 857
652 862
645 864
650 869
657 872
657 865
662 867
660 861
664 855
670 852
674 847
669 863
671 857
669 871
665 875
596 845
588 844
583 850
584 864
590 874
596 876
599 870
601 865
596 866
465 894
471 897
471 887
477 889
477 899
481 890
481 887
458 900
451 896
445 902
446 913
453 911
453 903
441 897
455 889
460 908
460 914
458 919
454 924
444 921
440 916
441 908
425 837
428 831
424 827
419 831
420 836
424 845
416 841
412 835
411 831
406 837
409 841
416 846