1454 575
1461 578
1457 570
1456 583
1448 581
1448 577
1449 590
1441 590
1447 596
1450 599
1457 593
1441 599
1436 691
1431 685
1441 682
1445 689
1447 681
1443 674
1435 675
1427 677
1431 664
1435 667
1438 665
1448 666
1448 661
1454 673
1454 661
1460 655
1452 649
1448 652
1441 653
1434 653
1427 657
1424 648
1438 644
1433 640
1439 636
1448 634
1453 641
1458 641
1458 648
1443 641
1446 623
1436 626
1432 628
1431 619
1445 613
1430 613
1428 608
1429 602
1425 604
1426 596
1423 589
1425 584
1420 581
1416 589
1413 578
1414 570
1410 586
1422 572
1366 580
1374 580
1380 586
1374 588
1362 584
1355 591
1357 595
1366 595
1362 601
1348 598
1355 608
1364 607
1369 601
1374 595
1380 597
1376 604
1387 603
1380 611
1369 611
1370 618
1375 624
1375 632
1370 635
1368 631
1364 623
1360 631
1357 624
1353 615
1353 622
1352 630
1359 775
1365 772
1363 766
1358 765
1357 759
1351 768
1348 761
1340 766
1342 758
1335 761
1332 774
1327 766
1323 760
1328 755
1322 754
1324 750
1326 738
1328 732
1334 733
1332 743
1341 736
1337 752
1344 746
1349 753
1353 747
1359 741
1364 747
1366 753
1372 748
1371 755
1369 741
1363 736
1370 732
1364 724
1358 731
1352 726
1358 720
1346 722
1346 734
1343 729
1354 737
1368 666
1356 669
1354 663
1351 667
1347 671
1336 684
1342 679
1336 675
1324 687
1328 680
1328 670
1321 679
1315 683
1316 675
1320 666
1325 663
1316 654
1312 660
1309 668
1302 672
1309 675
1309 681
1297 666
1303 662
1275 782
1278 780
1272 779
1279 771
1276 763
1268 770
1260 771
1263 765
1254 765
1258 758
1268 760
1269 754
1266 747
1267 742
1273 744
1276 747
1278 740
1271 735
1277 728
1268 726
1262 732
1261 740
1257 732
1259 724
1263 720
1268 720
1253 729
1250 738
1255 742
1249 746
1257 752
1246 752
1244 740
1240 746
1237 745
1232 743
1229 737
1235 732
1240 736
1245 728
1249 722
1247 720
1244 720
1239 722
1233 727
1228 720
1231 720
1220 721
1216 727
1212 728
1217 734
1219 739
1224 749
1231 752
1230 765
1225 770
1219 766
1214 767
1223 757
1217 752
1215 746
1211 739
1207 738
1206 729
1206 719
1202 725
1197 725
1196 721
1194 717
1208 755
1208 747
1201 751
1201 755
1198 759
1191 754
1190 746
1197 744
1203 741
1190 738
1190 729
1187 732
1185 724
1184 718
1182 714
1175 721
1180 728
1181 735
1174 739
1180 745
1183 751
1170 742
1170 754
1176 754
1165 751
1162 744
1154 743
1160 755
1134 728
1140 735
1130 738
1127 729
1130 727
1121 717
1117 709
1127 709
1128 701
1132 702
1129 824
1123 826
1119 821
1127 819
1133 815
1131 808
1127 811
1119 815
1114 809
1120 805
1119 798
1129 799
1134 799
1136 793
1131 792
1131 786
1137 788
1141 785
1139 782
1133 781
1124 795
1124 788
1118 792
1112 798
1106 803
1109 803
1109 792
1105 795
1099 792
1100 800
1094 803
1089 802
1088 806
1087 811
1082 811
1083 802
1086 795
1089 798
1091 788
1084 786
1095 787
1093 780
1100 782
1095 777
1097 774
1103 775
1105 779
1109 782
1106 787
1115 786
1116 783
1122 778
1128 781
1129 773
1137 773
1140 766
1144 767
1131 768
1124 768
1133 760
1142 759
1141 756
1130 754
1121 755
1116 756
1116 761
1123 763
1111 765
1117 769
1108 760
1105 766
1100 766
1112 775
1081 796
1078 802
1044 856
1049 853
1036 858
1037 853
1041 860
1036 847
1043 849
1047 848
1049 841
1041 844
1038 841
1031 844
1031 850
1029 839
1034 836
1045 835
1051 831
1051 823
1044 827
1040 828
1032 828
1027 832
1026 824
1036 820
1041 820
1041 814
1047 815
1051 810
1049 803
1042 804
1035 806
1029 807
1033 813
1027 813
1023 809
1029 818
988 913
990 909
996 909
999 905
991 903
982 907
983 900
988 897
992 892
997 898
998 893
1004 897
1008 892
1004 888
1011 884
1006 881
1015 879
1011 876
1013 871
1020 873
1022 868
1016 863
1019 860
1011 855
1006 854
998 855
1001 860
1006 863
1005 868
1005 875
998 879
995 886
988 885
986 889
983 892
979 889
983 886
983 881
991 878
990 871
999 870
993 865
989 859
995 861
985 855
978 860
981 863
975 865
976 871
980 868
988 868
985 874
980 878
1012 794
1005 793
1003 800
998 791
1002 787
1006 781
1013 778
1012 787
996 796
995 784
999 782
994 777
998 770
1004 770
1013 767
1018 762
1014 752
1024 756
1023 748
1018 742
1024 739
1025 736
1027 739
1016 734
1017 730
1012 730
1010 736
1011 745
1005 749
1001 747
1005 742
1000 738
1004 734
1004 754
995 753
998 763
997 747
994 743
994 735
991 734
991 728
998 731
999 727
994 721
1001 720
1009 720
1013 722
1012 711
1009 706
1017 706
1019 700
1022 702
1007 696
1009 698
1012 698
1016 691
1012 687
1006 691
1001 692
999 690
996 694
997 702
1003 704
999 711
992 712
999 716
983 713
986 719
988 717
989 705
979 704
976 699
977 694
984 697
990 693
990 699
982 691
988 687
910 801
904 800
899 795
907 795
905 789
912 791
911 784
905 779
911 775
905 774
912 778
892 795
897 788
892 786
900 783
896 779
895 773
890 775
890 781
898 765
907 767
908 761
916 760
912 766
925 765
910 753
904 757
905 749
897 754
888 758
888 752
890 745
877 755
877 751
879 742
887 736
894 736
900 741
899 747
906 738
904 732
899 729
897 723
905 723
903 714
909 718
896 718
888 726
890 716
897 710
884 720
878 726
881 731
873 732
869 729
865 721
871 715
876 716
878 734
428 997
431 996
430 992
427 993
425 994
424 991
426 988
427 983
422 980
425 977
427 979
421 974
423 972
423 969
418 969
415 972
414 967
419 964
416 962
418 978
418 982
420 985
422 985
422 988
417 987