1435 712
1429 711
1423 706
1431 706
1437 704
1430 699
1435 696
1432 690
1432 685
1426 693
1424 687
1427 682
1429 677
1425 675
1422 678
1421 673
1427 670
1423 657
1430 659
1436 652
1443 656
1449 652
1454 651
1454 674
1456 665
1436 681
1434 676
1423 698
1417 703
1414 693
1420 692
1414 688
1414 682
1408 685
1404 682
1407 678
1401 688
1407 691
1411 695
1409 699
1404 704
1405 712
1408 711
1397 708
1397 717
1391 710
1397 701
1394 693
1392 701
1381 682
1384 677
1386 672
1391 673
1378 674
1383 669
1373 669
1378 664
1385 659
1391 667
1392 660
1389 654
1391 648
1394 646
1400 653
1401 648
1405 653
1405 646
1400 635
1400 629
1408 633
1411 634
1405 626
1391 629
1392 635
1391 640
1386 642
1386 635
1384 629
1380 633
1379 625
1384 613
1376 620
1374 625
1380 639
1376 642
1374 634
1370 639
1383 647
1376 649
1372 653
1375 658
1380 654
1388 677
1232 687
1226 690
1230 697
1234 698
1216 681
1224 685
1222 671
1216 662
1209 666
1208 660
1214 654
1210 646
1205 656
1200 651
1199 644
1192 650
1196 657
1202 661
1194 665
1195 675
1202 672
1208 673
1209 680
1204 682
1199 681
1200 688
1209 686
1198 697
1193 691
1191 700
1183 699
1188 705
1181 707
1174 708
1175 702
1178 693
1180 685
1185 686
1189 680
1180 677
1187 670
1187 663
1187 659
1194 684
1186 694
1176 653
1178 662
1180 665
1183 652
1184 649
1188 644
1189 639
1193 643
1178 645
1180 638
1172 640
1174 636
1172 632
1178 631
1184 626
1181 620
1192 617
1195 621
1174 619
1174 626
1168 622
1166 618
1167 632
1162 626
1167 637
1165 640
1198 636
1191 623
1185 632
1207 638
1102 743
1104 732
1098 737
1093 739
1094 730
1081 733
1075 741
1080 747
1076 752
1074 757
1079 755
1070 749
1072 746
1068 741
1070 734
1074 727
1077 720
1085 720
1090 713
1091 710
1082 710
1085 706
1077 706
1076 714
1071 712
1071 707
1065 709
1061 703
1055 705
1053 712
1049 715
1045 706
1042 713
1048 721
1052 724
1054 718
1056 722
1057 716
1061 720
1063 715
1070 718
1068 724
1064 729
1061 734
1055 731
1045 733
1050 730
1042 727
1040 736
1047 741
1051 742
1054 737
1060 741
1065 746
1064 752
1058 747
1057 751
1066 758
1069 755
1066 762
1058 760
1054 755
1047 754
1050 749
1042 750
1045 746
1043 759
1049 766
1052 764
1053 774
1056 769
1060 771
1059 766
1043 772
1044 762
1040 720
1047 726
971 809
963 804
956 807
959 799
952 808
948 799
946 806
942 804
939 797
938 810
939 816
932 813
928 821
932 819
920 812
926 808
924 803
935 801
930 799
940 824
919 827
921 827
920 835
925 843
929 834
929 838
936 832
935 828
902 795
904 797
894 801
890 796
883 793
885 787
894 790
892 783
899 786
899 778
903 776
900 768
903 763
913 766
913 758
920 762
906 753
904 749
900 742
893 753
898 749
894 745
889 741
886 747
882 738
879 745
880 753
885 756
878 758
884 763
893 761
899 757
891 769
883 770
878 766
888 775
880 779
884 781
895 774
869 693
871 686
861 684
856 679
850 681
857 690
863 696
865 700
880 694
870 678
832 679
711 830
705 831
702 838
709 835
697 832
699 824
705 821
711 824
709 818
711 812
703 812
703 817
698 819
693 823
689 817
690 811
696 808
695 812
704 802
713 805
709 798
701 797
698 800
696 795
700 793
692 801
693 790
695 767
690 757
685 761
683 754
684 749
694 750
692 743
684 743
689 735
694 734
697 742
675 742
676 750
671 754
670 743
666 752
664 758
671 761
677 758
676 762
685 770
677 768
687 768
840 681
866 689
615 839
610 842
607 835
611 833
613 836
616 832
614 830
613 825
618 826
618 822
620 815
615 812
610 816
608 812
604 810
602 818
598 818
601 825
604 822
606 827
609 829
602 833
603 841
599 840
607 849
602 853
589 830
593 824
599 829
593 819
596 813
598 808
595 803
592 809
587 805
586 809
588 813
574 810
574 817
572 817
577 816
578 822
575 825
572 823
567 821
564 815
567 810
561 822
565 826
561 827
569 829
564 832
567 835
563 838
559 834
552 830
551 825
554 821
556 819
549 819
543 813
548 809
550 805
552 803
552 815
543 805
544 799
553 795
531 795
531 790
538 787
535 808
555 788
560 792
546 789
596 834
593 841
480 807
482 817
482 822
486 827
488 823
479 827
474 821
470 822
468 817
466 825
466 832
471 831
465 836
470 839
472 835
476 837
479 833
480 839
484 836
484 842
484 847
483 853
489 854
489 847
478 846
478 852
474 847
471 845
474 844
464 844
457 848
461 848
464 856
462 853
456 854
450 852
449 856
452 845
444 849
440 852
440 855
436 859
436 855
440 862
443 862
443 857
447 859
447 854
450 862
451 860
455 864
459 862
463 866
467 866
470 861
460 868
455 870
459 874
461 879
454 880
450 883
450 878
453 874
450 869
446 865
441 870
439 866
449 842
449 836
421 904
418 900
414 905
418 909
421 911
421 915
416 917
412 914
409 909
415 912
410 920
411 918
416 922
419 923
413 900
410 898
408 894
412 890
410 887
408 888
404 891
402 886
404 877
408 880
409 883
405 882
409 902
405 901
402 901
401 906
404 909
405 897
401 895
399 881
398 877
396 883
397 890
392 888
395 898
397 902
397 906
391 904
392 908