1470 611
1475 650
1470 658
1464 656
1459 660
1465 663
1471 646
1460 647
1466 642
1474 642
1470 639
1464 638
1472 630
1467 624
1462 627
1456 627
1457 633
1453 637
1453 644
1457 642
1462 630
1466 631
1462 621
1468 619
1464 609
1464 600
1458 614
1457 609
1453 619
1449 619
1452 610
1444 611
1448 604
1455 605
1458 599
1456 594
1451 590
1445 588
1438 590
1442 597
1449 597
1472 605
1435 593
1442 584
1448 585
1453 587
1444 601
1437 600
1411 571
1404 573
1405 585
1411 590
1416 584
1410 578
1401 590
1398 579
1396 572
1395 591
1400 594
1406 595
1414 598
1407 601
1414 603
1405 609
1399 613
1395 603
1409 616
1412 615
1408 613
1405 626
1411 624
1396 624
1390 617
1382 598
1379 590
1374 598
1370 591
1377 605
1363 597
1360 586
1365 593
1355 596
1351 587
1343 590
1335 587
1331 583
1326 589
1322 594
1319 601
1318 607
1327 609
1327 600
1331 605
1336 596
1340 603
1347 600
1347 594
1352 604
1358 606
1354 613
1350 611
1348 619
1339 618
1340 609
1374 629
1362 631
1353 633
1350 641
1354 643
1350 650
1345 649
1361 648
1369 647
1365 639
1371 637
1377 641
1379 647
1375 652
1373 659
1366 656
1368 654
1362 660
1354 659
1354 666
1389 611
1370 666
1363 669
1359 676
1357 685
1364 678
1350 677
1307 695
1301 696
1314 690
1305 687
1308 685
1308 679
1297 681
1300 690
1295 687
1292 686
1290 681
1291 675
1301 672
1301 668
1305 666
1309 661
1292 655
1298 656
1297 651
1292 647
1287 676
1284 693
1289 690
1285 686
1283 680
1281 677
1279 671
1277 678
1272 671
1268 677
1265 672
1268 668
1263 683
1269 686
1271 692
1269 693
1276 685
1277 696
1285 701
1278 702
1278 708
1278 713
1271 717
1268 704
1272 700
1262 697
1238 639
1238 634
1239 630
1231 626
1222 635
1221 627
1230 639
1230 645
1235 646
1232 653
1226 652
1225 659
1222 653
1222 650
1219 657
1222 660
1217 708
1208 715
1209 708
1205 701
1210 691
1206 689
1215 686
1192 691
1188 686
1180 683
1176 691
1178 697
1185 694
1185 703
1191 700
1198 709
1189 708
1192 715
1188 720
1191 723
1184 730
1178 731
1172 723
1178 718
1182 713
1047 686
1046 693
1053 679
1044 677
1038 672
1033 680
1027 670
1019 671
1026 666
1033 668
1030 663
1021 699
1019 709
1028 704
1031 697
1027 712
1021 715
1022 722
1028 723
1013 719
1010 722
1005 724
1004 715
1010 710
1010 702
1003 705
1001 697
1003 689
992 692
997 687
995 702
998 710
992 717
994 727
1000 731
993 737
987 724
990 709
812 833
817 829
824 830
822 823
816 822
810 826
805 832
801 826
793 828
799 832
788 831
787 824
795 819
788 816
790 809
800 821
803 818
806 819
813 818
816 814
820 817
823 813
818 809
812 806
809 812
804 807
800 808
801 800
807 803
812 800
818 803
823 806
820 796
818 788
813 793
791 772
789 767
797 762
796 756
804 754
800 751
819 753
823 757
804 769
814 769
810 781
791 787
803 782
792 758
637 779
618 799
614 799
613 794
617 793
621 791
622 795
614 787
617 782
622 779
622 784
627 780
629 782
629 773
622 772
616 776
612 780
610 783
626 767
632 764
641 764
634 758
628 756
627 751
634 752
629 744
625 761
619 763
616 751
616 744
615 738
536 825
537 815
524 808
524 804
528 800
524 796
521 800
520 794
515 797
513 792
511 798
508 793
508 789
502 789
505 795
500 795
496 794
496 800
503 799
500 803
518 806
511 803
506 802
503 806
499 811
509 809
506 815
512 814
508 820
505 828
501 822
514 826
520 822
520 819
513 834
513 840
518 843
523 840
523 844
520 848
519 834
451 862
451 856
448 851
446 862
446 857
440 860
441 855
436 853
435 863
438 864
439 868
446 869
448 868
449 873
442 874
437 874
437 878
441 881
447 879
419 847
416 853
422 849
412 846
406 848
405 844
410 837
415 835
415 841
421 842
420 833
420 828
423 825
416 823
413 827
414 831
406 833
407 826
403 827
404 822
409 821
415 817
423 816
418 813
417 806
412 811
412 807
413 802
407 804
411 800
404 801
406 810
401 814
404 816
408 814
399 807
1016 727
441 889
438 885