831 934
832 929
827 934
823 933
827 929
824 928
820 931
821 935
828 924
831 923
828 916
829 919
822 920
819 925
816 922
816 917
813 916
819 911
824 912
828 908
821 905
825 900
829 896
825 890
822 886
819 886
822 880
816 882
821 893
815 895
818 900
810 900
815 906
808 908
802 901
800 899
806 890
812 888
805 880
811 876
815 878
809 873
806 867
809 863
806 861
805 856
811 858
811 854
805 847
802 853
799 861
798 868
798 873
790 873
787 868
780 866
787 860
787 855
777 853
774 846
782 849
782 842
789 848
789 842
799 847
798 841
805 839
807 841
803 834
800 831
788 834
791 832
798 835
712 849
712 856
676 858
677 851
674 842
664 848
667 842
669 837
663 834
661 840
661 846
655 842
657 836
653 836
650 829
643 828
635 833
644 837
638 842
632 840
629 845
635 850
642 851
645 847
637 857
634 854
644 857
650 856
649 860
643 863
639 864
644 869
647 877
649 871
650 865
655 869
654 879
663 875
668 869
662 864
665 860
670 864
676 868
662 855
656 860
655 855
655 850
648 851
669 853
624 814
627 809
630 812
622 806
617 807
620 822
615 821
612 816
610 809
600 810
599 820
597 816
591 821
591 826
599 833
593 835
597 841
602 838
603 843
598 846
589 842
588 838
613 846
618 846
619 842
620 845
616 850
618 853
621 855
620 858
623 858
621 860
624 853
622 849
623 844
605 825
609 821
605 822
590 813
591 808
590 804
587 800
583 804
582 811
633 756
630 752
623 752
619 755
614 755
617 751
618 762
625 760
628 762
605 759
608 753
608 747
606 748
546 844
546 838
542 838
546 832
536 843
535 838
539 845
533 847
529 852
525 855
530 860
535 856
530 867
525 865
522 871
530 873
526 880
524 882
529 883
536 877
536 872
536 868
519 859
520 850
514 854
515 850
521 844
516 844
515 836
508 837
506 843
501 847
509 851
508 855
510 862
510 866
515 860
507 875
503 870
502 857
502 855
495 850
498 842
493 837
491 847
507 906
508 910
500 915
498 907
490 910
492 914
495 916
495 921
492 925
490 919
487 924
486 928
491 933
482 925
482 920
485 914
479 912
475 914
468 913
472 909
474 904
482 904
481 899
486 902
485 897
491 898
494 903
490 892
495 892
498 896
497 889
493 886
495 883
491 882
491 877
492 873
488 872
485 878
485 883
487 887
482 889
478 892
473 898
469 893
471 889
463 889
474 884
472 880
480 879
482 871
485 862
485 852
479 854
482 846
478 859
478 866
474 869
468 871
470 873
468 877
463 873
465 865
460 862
465 860
471 860
471 863
471 854
474 852
477 848
470 847
469 838
476 842
464 852
463 847
460 854
453 876
448 873
443 880
443 884
450 884
454 889
455 894
452 900
457 899
446 904
446 899
447 893
441 892
436 901
436 897
439 898
441 908
432 907
428 903
429 895
437 869
443 868
440 862
448 864
446 861
445 858
452 862
451 857
456 858
456 867
454 872
419 896
411 897
407 894
418 890
413 886
418 880
425 874
425 879
419 868
425 928
428 931
431 935
429 938
424 941
424 934
417 932
416 929
415 925
405 922
407 918
409 913
409 909
401 908
400 915
400 896
461 882
459 878
465 881
468 904
462 902
463 914
466 909
454 911
456 916
489 865
512 840
510 844