,pred count,true count,Is in Training
0,0.0,0.0,True
1,0.0,0.0,False
2,221.85682678222656,139.0,False
3,203.46983337402344,172.0,False
4,0.0,0.0,True
5,0.0,0.0,True
6,176.4069366455078,172.0,True
7,241.4649200439453,158.0,False
8,0.0,0.0,True
9,0.0,0.0,True
10,367.517822265625,384.0,False
11,314.8149719238281,336.0,True
12,0.0,0.0,True
13,0.0,0.0,True
14,187.79983520507812,179.0,True
15,247.13221740722656,284.0,False
16,0.0,0.0,True
17,0.0,5.0,True
18,267.265380859375,284.0,True
19,234.33743286132812,253.0,True
20,0.0,0.0,False
21,0.0,0.0,True
22,371.3243103027344,419.0,False
23,200.77447509765625,230.0,True
24,0.0,0.0,True
25,0.0,0.0,False
26,195.218505859375,188.0,False
27,167.76058959960938,176.0,True
28,0.0,0.0,True
29,0.0,0.0,True
30,175.59857177734375,154.0,False
31,196.8799591064453,209.0,True
32,0.0,0.0,True
33,0.0,0.0,True
34,360.27203369140625,399.0,True
35,160.95909118652344,155.0,True
36,0.0,0.0,False
37,0.0,0.0,False
38,32.59868621826172,40.0,True
39,254.23316955566406,257.0,True
40,0.0,0.0,True
41,0.0,0.0,True
42,174.02134704589844,209.0,True
43,200.60345458984375,197.0,False
44,0.0,0.0,True
45,0.0,19.0,True
46,202.19171142578125,205.0,True
47,232.22232055664062,232.0,True
48,0.0,0.0,True
49,0.0,0.0,False
50,314.3315124511719,213.0,False
51,237.88331604003906,227.0,True
52,0.0,0.0,False
53,0.0,0.0,True
54,296.2109680175781,250.0,False
55,282.05657958984375,266.0,True
56,0.0,0.0,True
57,0.0,44.0,False
58,480.1572265625,484.0,True
59,335.7103271484375,323.0,True
60,0.0,0.0,False
61,0.0,0.0,True
62,160.43482971191406,162.0,True
63,92.34365844726562,81.0,True
64,0.0,0.0,False
65,0.0,0.0,True
66,373.1336669921875,391.0,True
67,260.58685302734375,259.0,True
68,0.0,0.0,False
69,0.0,5.0,True
70,437.4933166503906,403.0,True
71,81.36793518066406,137.0,False
72,0.0,0.0,False
73,0.0,0.0,True
74,235.4298858642578,233.0,False
75,249.11294555664062,317.0,False
76,0.0,0.0,False
77,0.0,0.0,False
78,57.05551528930664,58.0,True
79,194.29566955566406,213.0,True
80,0.0,0.0,True
81,0.0,0.0,True
82,361.8650817871094,352.0,True
83,156.22450256347656,149.0,False
84,0.0,0.0,True
85,0.0,0.0,True
86,0.0,11.0,False
87,47.92702102661133,54.0,False
88,0.0,0.0,True
89,0.0,21.0,True
90,189.43699645996094,178.0,True
91,0.0,1.0,True
92,0.0,0.0,True
93,0.0,0.0,True
94,243.55416870117188,207.0,False
95,389.5194091796875,349.0,True
96,0.0,0.0,False
97,0.0,0.0,False
98,523.2337646484375,506.0,True
99,443.9565124511719,392.0,True
100,0.0,0.0,True
101,0.0,0.0,True
102,191.5737762451172,208.0,True
103,104.8819808959961,55.0,False
104,0.0,0.0,False
105,0.0,0.0,True
106,45.73503494262695,57.0,True
107,172.3162841796875,178.0,True
108,0.0,0.0,True
109,0.0,0.0,False
110,514.4034423828125,569.0,True
111,172.84951782226562,160.0,True
112,0.0,0.0,True
113,0.0,32.0,True
114,512.2908325195312,457.0,False
115,401.5089416503906,419.0,False
116,0.0,0.0,True
117,0.0,0.0,True
118,195.45211791992188,204.0,False
119,75.926025390625,96.0,True
120,0.0,0.0,True
121,0.0,0.0,False
122,174.30563354492188,182.0,True
123,129.61563110351562,137.0,True
124,0.0,0.0,True
125,0.0,0.0,True
126,326.85028076171875,342.0,False
127,254.94259643554688,247.0,True
128,0.0,0.0,True
129,0.0,0.0,False
130,281.3497314453125,272.0,False
131,117.19799041748047,136.0,True
132,0.0,0.0,True
133,0.0,0.0,False
134,46.80872344970703,64.0,True
135,49.74106979370117,49.0,True
136,0.0,0.0,False
137,0.0,17.0,True
138,476.31756591796875,450.0,True
139,306.5704345703125,311.0,True
140,0.0,0.0,False
141,0.0,0.0,False
142,410.4122619628906,432.0,True
143,267.2427978515625,320.0,False
144,0.0,0.0,False
145,0.0,0.0,True
146,165.7518768310547,192.0,True
147,208.9658966064453,220.0,True
148,0.0,0.0,False
149,0.0,0.0,False
150,176.95608520507812,167.0,True
151,266.8899230957031,272.0,False
152,0.0,0.0,False
153,0.0,0.0,False
154,243.85885620117188,224.0,True
155,203.02325439453125,252.0,False
156,0.0,0.0,False
157,107.9958724975586,122.0,True
158,169.60476684570312,193.0,True
159,73.39569854736328,104.0,True
160,0.0,0.0,True
161,0.0,0.0,True
162,241.62701416015625,244.0,True
163,220.82957458496094,189.0,True
164,0.0,0.0,True
165,0.0,6.0,True
166,32.06048583984375,41.0,False
167,75.13166046142578,86.0,True
168,0.0,0.0,True
169,0.0,0.0,True
170,168.99539184570312,130.0,False
171,217.36598205566406,217.0,True
172,0.0,0.0,True
173,0.0,0.0,True
174,403.5475158691406,409.0,True
175,154.03582763671875,161.0,True
176,0.0,0.0,False
177,0.0,0.0,True
178,309.3936462402344,340.0,False
179,0.0,0.0,True
180,0.0,0.0,True
181,0.0,0.0,False
182,426.8641052246094,578.0,False
183,0.0,53.0,False
184,0.0,0.0,True
185,0.0,10.0,True
186,0.0,37.0,True
187,427.944091796875,477.0,True
188,0.0,0.0,True
189,0.0,0.0,True
190,246.53041076660156,299.0,False
191,107.23860931396484,129.0,True
192,0.0,0.0,True
193,0.0,0.0,False
194,204.79307556152344,148.0,False
195,306.50927734375,257.0,False
196,0.0,0.0,False
197,0.0,0.0,True
198,50.659061431884766,56.0,False
199,199.88609313964844,185.0,True
200,0.0,0.0,False
201,0.0,0.0,True
202,230.76809692382812,235.0,False
203,51.99148941040039,0.0,False
204,0.0,0.0,True
205,0.0,0.0,True
206,169.73883056640625,165.0,True
207,341.5233459472656,329.0,True
208,0.0,0.0,True
209,0.0,3.0,False
210,323.574951171875,240.0,False
211,388.2557373046875,386.0,True
212,0.0,0.0,True
213,0.0,0.0,True
214,416.3564147949219,404.0,True
215,178.81068420410156,85.0,False
216,0.0,0.0,False
217,0.0,3.0,True
218,165.41238403320312,150.0,True
219,325.08154296875,338.0,True
220,0.0,0.0,False
221,0.0,0.0,True
222,188.01026916503906,225.0,True
223,325.446533203125,308.0,True
224,0.0,0.0,True
225,0.0,1.0,True
226,190.88467407226562,267.0,False
227,123.28318786621094,132.0,True
228,0.0,0.0,True
229,0.0,4.0,True
230,152.3904571533203,144.0,True
231,158.0176544189453,169.0,True
232,0.0,0.0,True
233,0.0,0.0,True
234,345.4254150390625,353.0,True
235,304.0465393066406,351.0,False
236,0.0,0.0,True
237,0.0,0.0,False
238,43.59012222290039,53.0,True
239,242.52427673339844,175.0,False
240,0.0,0.0,False
241,0.0,0.0,False
242,214.4815216064453,233.0,True
243,54.224395751953125,15.0,False
244,0.0,0.0,True
245,0.0,0.0,True
246,267.2973327636719,285.0,True
247,264.5839538574219,261.0,True
248,0.0,0.0,True
249,0.0,0.0,True
250,355.0275573730469,400.0,True
251,112.53173065185547,106.0,True
252,0.0,0.0,False
253,0.0,0.0,False
254,232.82034301757812,170.0,False
255,49.00759506225586,0.0,False
256,0.0,0.0,True
257,0.0,3.0,True
258,113.52599334716797,147.0,True
259,56.14015197753906,31.0,False
260,0.0,0.0,True
261,0.0,0.0,True
262,44.453636169433594,76.0,False
263,409.0474548339844,505.0,False
264,0.0,0.0,False
265,0.0,15.0,False
266,168.3590087890625,221.0,False
267,120.60336303710938,118.0,True
268,0.0,0.0,True
269,0.0,13.0,False
270,44.58366775512695,53.0,True
271,124.62383270263672,122.0,True
272,0.0,0.0,True
273,0.0,0.0,True
274,224.6183624267578,245.0,True
275,352.09515380859375,338.0,True
276,0.0,0.0,False
277,0.0,0.0,True
278,424.5106506347656,486.0,True
279,354.3962097167969,429.0,False
280,0.0,0.0,False
281,0.0,0.0,False
282,266.23870849609375,144.0,False
283,335.5262451171875,314.0,True
284,0.0,0.0,True
285,0.0,0.0,True
286,62.46818542480469,68.0,True
287,63.371131896972656,67.0,True
288,0.0,0.0,False
289,0.0,30.0,True
290,199.91754150390625,138.0,False
291,124.09467315673828,142.0,True
292,0.0,0.0,True
293,0.0,4.0,True
294,253.43592834472656,257.0,True
295,369.5006408691406,347.0,True
296,0.0,0.0,True
297,0.0,1.0,False
298,252.3800506591797,252.0,True
299,157.09910583496094,166.0,True
300,0.0,0.0,True
301,0.0,0.0,False
302,244.58912658691406,160.0,False
303,410.06268310546875,404.0,True
304,0.0,0.0,True
305,0.0,9.0,True
306,418.9091491699219,266.0,False
307,367.8222351074219,361.0,True
308,0.0,0.0,False
309,0.0,0.0,True
310,417.2733154296875,391.0,True
311,226.95135498046875,225.0,True
312,0.0,0.0,True
313,0.0,0.0,False
314,346.697509765625,350.0,True
315,0.0,0.0,True
316,0.0,0.0,False
317,0.0,4.0,False
318,244.55661010742188,265.0,True
319,68.71551513671875,0.0,False
320,0.0,0.0,True
321,0.0,0.0,True
322,147.02859497070312,170.0,True
323,183.59649658203125,187.0,True
324,0.0,0.0,True
325,0.0,0.0,True
326,227.16627502441406,279.0,False
327,171.9686737060547,247.0,False
328,0.0,0.0,True
329,0.0,0.0,True
330,173.53919982910156,201.0,True
331,169.32403564453125,166.0,True
332,0.0,0.0,True
333,0.0,0.0,True
334,222.63565063476562,327.0,False
335,145.8123779296875,75.0,False
336,0.0,0.0,False
337,0.0,0.0,True
338,429.6680908203125,403.0,True
339,335.751220703125,323.0,True
340,0.0,0.0,True
341,0.0,33.0,True
342,275.4795227050781,292.0,True
343,31.20598602294922,43.0,True
344,0.0,0.0,True
345,0.0,0.0,True
346,460.4912109375,589.0,False
347,182.42868041992188,173.0,True
348,0.0,0.0,True
349,0.0,4.0,True
350,454.1970520019531,432.0,True
351,370.44488525390625,365.0,True
352,0.0,0.0,False
353,0.0,0.0,False
354,392.9580078125,421.0,True
355,335.81256103515625,344.0,True
356,0.0,0.0,False
357,0.0,0.0,False
358,350.3946533203125,343.0,True
359,156.92347717285156,273.0,False
360,0.0,0.0,True
361,0.0,0.0,True
362,228.8824462890625,249.0,True
363,97.49146270751953,97.0,False
364,0.0,0.0,True
365,0.0,25.0,True
366,110.00756072998047,140.0,True
367,395.8092041015625,382.0,True
368,0.0,0.0,False
369,0.0,0.0,False
370,86.22197723388672,99.0,True
371,114.61651611328125,145.0,True
372,0.0,0.0,True
373,0.0,0.0,False
374,208.65101623535156,213.0,True
375,225.17266845703125,197.0,False
376,0.0,0.0,True
377,0.0,0.0,True
378,328.00146484375,371.0,True
379,226.4571990966797,214.0,True
380,0.0,0.0,True
381,0.0,0.0,True
382,152.74136352539062,162.0,True
383,33.70183181762695,39.0,True
384,0.0,0.0,True
385,0.0,0.0,True
386,43.40657043457031,95.0,False
387,403.4041442871094,406.0,True
388,0.0,0.0,False
389,0.0,52.0,True
390,192.9204559326172,203.0,True
391,347.3658447265625,354.0,True
392,0.0,0.0,True
393,0.0,0.0,False
394,339.75128173828125,278.0,False
395,239.28172302246094,219.0,True
396,0.0,0.0,False
397,0.0,0.0,True
398,102.13626861572266,101.0,True
399,140.41038513183594,143.0,True
